 251 247 248 246 245 243 241 239 246 253 253 253 253 251 252 244
 254 253 252 252 252 251 251 251 252 251 251 252 251 252 253 252
 252 251 252 252 252 252 251 251 251 250 251 252 251 252 253 251
 254 251 252 252 251 252 252 253 251 252 251 252 253 254 254 243
 253 254 218 197 178 176 182 181 227 254 252 251 253 253 253 246
 255 253 194 153  94  90 133 161 231 253 253 253 252 251 252 249
 252 251 253 202  91  86 206 253 252 155 113 115 119 191 253 252
 252 251 253 180  90  91 236 253 230 101  92 218 252 253 253 254
 254 252 253 148  84 122 253 253 195  87 103 247 251 252 252 245
 253 253 249 114  79 155 253 253 166  89 140 252 252 252 251 248
 254 253 221 105  80 197 254 251 124  84 163 252 251 251 251 251
 254 253 212  98  97 231 253 236 109  92 202 252 253 253 253 249
 253 252 248 246 247 252 251 251 238 234 247 252 252 252 252 251
 252 252 251 250 249 251 252 252 250 252 250 252 252 251 251 249
 251 252 252 252 252 253 252 252 253 252 251 252 252 251 251 244
 251 253 252 253 254 253 252 252 252 251 252 250 252 253 251 244
 234 237 233 232 231 228 226 224 233 239 237 237 237 237 237 225
 240 244 243 243 244 243 243 242 243 241 242 243 243 245 245 239
 235 244 243 243 243 243 243 243 243 242 243 243 243 245 244 236
 238 245 244 243 243 244 244 244 242 243 243 243 242 243 243 226
 239 243 200 178 158 157 161 159 209 241 242 243 243 242 241 231
 240 237 158 115  65  61  99 129 209 237 238 242 241 239 240 233
 239 243 242 180  67  63 188 242 237 128  82  89  89 168 241 237
 238 244 244 156  63  69 220 242 209  71  65 198 240 241 241 240
 240 244 239 118  58  96 238 243 170  64  81 231 241 242 242 230
 238 243 231  84  59 136 241 239 138  61 110 238 243 242 242 233
 240 243 200  78  59 172 240 235  97  60 139 241 242 243 242 234
 238 241 190  72  69 209 242 215  76  63 181 240 240 241 241 234
 237 240 232 229 231 239 241 236 218 214 232 241 240 240 241 235
 232 241 241 240 239 240 240 240 241 239 237 240 241 239 240 231
 233 239 239 240 241 240 241 241 241 239 239 239 239 238 238 229
 233 238 240 240 242 240 238 240 241 240 238 237 238 238 238 227
 197 197 196 193 191 187 185 184 192 198 196 196 195 195 196 186
 202 202 203 203 203 201 201 201 201 198 197 197 196 198 199 195
 195 201 203 203 203 203 202 202 202 201 199 198 198 199 199 193
 199 198 201 200 201 200 199 200 200 202 200 199 198 199 199 184
 200 197 155 135 118 115 120 119 168 198 197 197 194 198 199 188
 201 194 117  82  41  43  73  94 169 195 194 194 197 196 196 189
 202 201 197 140  41  46 156 198 189  91  53  55  54 130 196 196
 198 202 197 115  37  48 183 198 167  44  45 164 199 198 196 194
 198 200 194  81  37  70 198 196 128  36  58 191 196 200 198 186
 197 200 190  53  39 108 202 194 101  37  87 194 195 198 197 186
 198 198 156  49  39 140 198 189  64  41 111 202 198 196 197 190
 197 197 146  40  43 172 195 169  47  41 147 199 199 197 197 188
 196 200 194 190 190 198 197 192 178 176 189 193 194 195 194 191
 193 194 195 198 199 200 199 198 192 196 195 194 193 192 193 183
 194 194 196 198 199 197 195 195 196 195 194 196 196 194 196 182
 194 195 196 195 198 196 195 193 191 191 194 195 194 192 192 181

 244 252 251 243 246 249 252 254 245 248 251 249 251 249 244 244
 252 253 253 254 253 252 253 253 252 251 251 253 252 251 251 251
 251 252 252 254 253 251 191 253 252 252 251 253 252 251 251 253
 253 251 251 253 253 252 119 252 251 252 251 253 252 252 252 252
 253 252 252 252 251 253 115 218 247 252 252 252 252 252 252 250
 253 251 251 251 252 253 113  92 103 140 163 202 247 250 251 252
 253 251 250 252 254 253 155 101  87  89  84  92 234 252 252 251
 246 252 251 251 227 231 252 230 195 166 124 109 238 250 253 252
 239 251 251 253 181 161 253 253 253 253 251 236 251 252 252 252
 241 251 251 252 182 133 206 236 253 253 254 253 251 252 252 252
 243 251 252 252 176  90  86  91 122 155 197 231 252 251 253 253
 245 252 252 251 178  94  91  90  84  79  80  97 247 249 252 254
 246 252 252 252 197 153 202 180 148 114 105  98 246 250 252 253
 248 252 252 252 218 194 253 253 253 249 221 212 248 251 252 252
 247 253 251 251 254 253 251 251 252 253 253 253 252 252 252 253
 251 254 252 254 253 255 252 252 254 253 254 254 253 252 251 251
 225 239 236 226 231 233 237 240 230 233 234 234 235 231 229 227
 237 245 244 243 241 240 241 241 242 242 242 241 241 240 238 238
 237 245 245 243 242 239 168 241 242 242 243 241 240 239 238 238
 237 243 243 242 243 241  89 240 241 243 242 240 240 241 239 238
 237 243 243 243 243 242  89 198 231 238 241 240 241 240 239 237
 237 242 243 243 242 238  82  65  81 110 139 181 232 237 239 238
 239 241 242 243 241 237 128  71  64  61  60  63 214 239 239 240
 233 243 243 242 209 209 237 209 170 138  97  76 218 241 241 241
 224 242 243 244 159 129 242 242 243 239 235 215 236 240 241 240
 226 243 243 244 161  99 188 220 238 241 240 242 241 240 241 238
 228 243 243 244 157  61  63  69  96 136 172 209 239 240 240 240
 231 244 243 243 158  65  67  63  58  59  59  69 231 239 241 242
 232 243 243 243 178 115 180 156 118  84  78  72 229 240 240 240
 233 243 243 244 200 158 242 244 239 231 200 190 232 241 239 240
 237 244 244 245 243 237 243 244 244 243 243 241 240 241 239 238
 234 240 235 238 239 240 239 238 240 238 240 238 237 232 233 233
 186 195 193 184 188 189 196 194 186 186 190 188 191 183 182 181
 196 199 199 199 199 196 196 196 198 197 197 197 194 193 196 192
 195 198 199 199 198 196 130 198 200 198 196 197 195 192 194 192
 195 196 198 198 194 197  54 199 196 195 198 199 194 193 196 194
 196 197 198 199 197 194  55 164 191 194 202 199 193 194 196 195
 196 197 199 200 197 194  53  45  58  87 111 147 189 195 194 194
 198 198 201 202 198 195  91  44  36  37  41  41 176 196 195 191
 192 201 202 200 168 169 189 167 128 101  64  47 178 192 196 191
 184 201 202 200 119  94 198 198 196 194 189 169 192 198 195 193
 185 201 202 199 120  73 156 183 198 202 198 195 197 199 195 195
 187 201 203 200 115  43  46  48  70 108 140 172 198 200 197 196
 191 203 203 201 118  41  41  37  37  39  39  43 190 199 199 198
 193 203 203 200 135  82 140 115  81  53  49  40 190 198 198 195
 196 203 203 201 155 117 197 197 194 190 156 146 194 195 196 196
 197 202 201 198 197 194 201 202 200 200 198 197 200 194 194 195
 197 202 195 199 200 201 202 198 198 197 198 197 196 193 194 194

 244 251 253 252 250 252 251 252 252 252 253 254 253 252 253 251
 244 251 251 252 252 251 252 253 252 252 253 252 252 252 252 251
 249 251 251 252 252 250 252 250 252 252 251 249 250 251 252 252
 251 252 252 252 252 247 234 238 251 251 252 247 246 248 252 253
 249 253 253 253 252 202  92 109 236 253 231  97  98 212 253 254
 251 251 251 251 252 163  84 124 251 254 197  80 105 221 253 254
 248 251 252 252 252 140  89 166 253 253 155  79 114 249 253 253
 245 252 252 251 247 103  87 195 253 253 122  84 148 253 252 254
 254 253 253 252 218  92 101 230 253 236  91  90 180 253 251 252
 252 253 191 119 115 113 155 252 253 206  86  91 202 253 251 252
 249 252 251 252 253 253 253 231 161 133  90  94 153 194 253 255
 246 253 253 253 251 252 254 227 181 182 176 178 197 218 254 253
 243 254 254 253 252 251 252 251 253 252 252 251 252 252 251 254
 251 253 252 251 252 251 250 251 251 251 252 252 252 252 251 252
 252 253 252 251 252 251 251 252 251 251 251 252 252 252 253 254
 244 252 251 253 253 253 253 246 239 241 243 245 246 248 247 251
 227 238 238 238 237 238 240 241 240 238 240 242 240 240 238 233
 229 238 238 239 239 239 239 241 241 241 240 241 240 239 239 233
 231 240 239 241 240 237 239 241 240 240 240 239 240 241 241 232
 235 241 240 240 241 232 214 218 236 241 239 231 229 232 240 237
 234 241 241 240 240 181  63  76 215 242 209  69  72 190 241 238
 234 242 243 242 241 139  60  97 235 240 172  59  78 200 243 240
 233 242 242 243 238 110  61 138 239 241 136  59  84 231 243 238
 230 242 242 241 231  81  64 170 243 238  96  58 118 239 244 240
 240 241 241 240 198  65  71 209 242 220  69  63 156 244 244 238
 237 241 168  89  89  82 128 237 242 188  63  67 180 242 243 239
 233 240 239 241 242 238 237 209 129  99  61  65 115 158 237 240
 231 241 242 243 243 242 241 209 159 161 157 158 178 200 243 239
 226 243 243 242 243 243 243 242 244 244 244 243 243 244 245 238
 236 244 245 243 243 243 242 243 243 243 243 243 243 243 244 235
 239 245 245 243 243 242 241 243 242 243 243 244 243 243 244 240
 225 237 237 237 237 237 239 233 224 226 228 231 232 233 237 234
 181 192 192 194 195 194 191 191 193 195 196 198 195 196 195 194
 182 196 194 196 196 194 195 196 195 195 197 199 198 196 194 194
 183 193 192 193 194 195 196 192 198 199 200 199 198 195 194 193
 191 194 195 194 193 189 176 178 192 197 198 190 190 194 200 196
 188 197 197 199 199 147  41  47 169 195 172  43  40 146 197 197
 190 197 196 198 202 111  41  64 189 198 140  39  49 156 198 198
 186 197 198 195 194  87  37 101 194 202 108  39  53 190 200 197
 186 198 200 196 191  58  36 128 196 198  70  37  81 194 200 198
 194 196 198 199 164  45  44 167 198 183  48  37 115 197 202 198
 196 196 130  54  55  53  91 189 198 156  46  41 140 197 201 202
 189 196 196 197 194 194 195 169  94  73  43  41  82 117 194 201
 188 199 198 194 197 197 198 168 119 120 115 118 135 155 197 200
 184 199 199 198 199 200 202 200 200 199 200 201 200 201 198 199
 193 199 199 198 198 199 201 202 202 202 203 203 203 203 201 195
 195 199 198 196 197 197 198 201 201 201 201 203 203 203 202 202
 186 196 195 195 196 196 198 192 184 185 187 191 193 196 197 197

 251 251 252 253 254 254 253 254 252 252 255 253 254 252 254 251
 253 252 252 252 253 253 253 252 251 251 253 254 251 251 253 247
 252 252 251 248 212 221 249 253 253 253 194 218 252 252 252 248
 253 252 250 246  98 105 114 148 180 202 153 197 252 252 252 246
 254 252 249 247  97  80  79  84  90  91  94 178 251 252 252 245
 253 253 251 252 231 197 155 122  91  86  90 176 252 252 251 243
 252 252 252 251 253 254 253 253 236 206 133 182 252 251 251 241
 252 252 252 251 236 251 253 253 253 253 161 181 253 251 251 239
 252 253 250 238 109 124 166 195 230 252 231 227 251 251 252 246
 251 252 252 234  92  84  89  87 101 155 253 254 252 250 251 253
 252 251 250 247 202 163 140 103  92 113 253 252 251 251 251 253
 250 252 252 252 252 252 252 247 218 115 253 251 252 252 252 253
 252 252 252 252 253 251 252 251 252 119 252 253 253 251 251 253
 253 251 251 252 253 251 252 252 253 191 251 253 254 252 252 251
 251 251 251 252 253 251 251 252 253 253 252 253 254 253 253 252
 244 244 249 251 249 251 248 245 254 252 249 246 243 251 252 244
 233 233 232 237 238 240 238 240 238 239 240 239 238 235 240 234
 238 239 241 240 241 243 243 244 244 243 237 243 245 244 244 237
 240 239 241 232 190 200 231 239 244 242 158 200 244 243 243 233
 240 240 240 229  72  78  84 118 156 180 115 178 243 243 243 232
 242 241 239 231  69  59  59  58  63  67  65 158 243 243 244 231
 240 240 240 239 209 172 136  96  69  63  61 157 244 243 243 228
 238 241 240 241 242 240 241 238 220 188  99 161 244 243 243 226
 240 241 240 236 215 235 239 243 242 242 129 159 244 243 242 224
 241 241 241 218  76  97 138 170 209 237 209 209 242 243 243 233
 240 239 239 214  63  60  61  64  71 128 237 241 243 242 241 239
 238 239 237 232 181 139 110  81  65  82 238 242 243 243 242 237
 237 239 240 241 240 241 238 231 198  89 242 243 243 243 243 237
 238 239 241 240 240 242 243 241 240  89 241 243 242 243 243 237
 238 238 239 240 241 243 242 242 241 168 239 242 243 245 245 237
 238 238 240 241 241 242 242 242 241 241 240 241 243 244 245 237
 227 229 231 235 234 234 233 230 240 237 233 231 226 236 239 225
 194 194 193 196 197 198 197 198 198 202 201 200 199 195 202 197
 195 194 194 200 197 198 200 200 202 201 194 197 198 201 202 197
 196 196 195 194 146 156 190 194 197 197 117 155 201 203 203 196
 195 198 198 190  40  49  53  81 115 140  82 135 200 203 203 193
 198 199 199 190  43  39  39  37  37  41  41 118 201 203 203 191
 196 197 200 198 172 140 108  70  48  46  43 115 200 203 201 187
 195 195 199 197 195 198 202 198 183 156  73 120 199 202 201 185
 193 195 198 192 169 189 194 196 198 198  94 119 200 202 201 184
 191 196 192 178  47  64 101 128 167 189 169 168 200 202 201 192
 191 195 196 176  41  41  37  36  44  91 195 198 202 201 198 198
 194 194 195 189 147 111  87  58  45  53 194 197 200 199 197 196
 195 196 194 193 199 202 194 191 164  55 194 197 199 198 197 196
 194 196 193 194 199 198 195 196 199  54 197 194 198 198 196 195
 192 194 192 195 197 196 198 200 198 130 196 198 199 199 198 195
 192 196 193 194 197 197 197 198 196 196 196 199 199 199 199 196
 181 182 183 191 188 190 186 186 194 196 189 188 184 193 195 186

