 253 253 254 254 254 254 254 254 253 254 254 253 253 254 254 250
 250 251 251 250 249 250 251 251 250 252 253 251 251 251 251 253
 253 254 254 253 251 251 251 251 252 252 253 253 252 251 251 252
 251 251 253 252 252 251 251 252 253 253 253 253 253 252 251 253
 253 217 166 177 249 253 232 179 253 253 254 254 253 252 252 253
 254 187  90  96 244 254 161 182 245 228 229 233 238 242 253 253
 254 207  80  86 236 239 117 230 172  94  99 120  93  95 224 254
 252 215  81  81 229 176 164 253 129  77 139 231  93  86 225 253
 251 206  87  81 185 136 242 245 100  69 182 189  84 105 250 252
 253 212  91  78 112 183 255 230  81  77 217 157  77 144 252 249
 254 229  95  76  92 232 254 200  81  95 234 134  76 179 251 247
 253 247 124  96 162 252 252 176 126 154 244 139 123 217 252 248
 250 251 253 252 251 252 252 253 253 253 252 253 253 254 251 249
 251 252 251 251 251 252 252 252 252 251 252 252 252 252 252 252
 247 253 252 251 252 252 252 251 252 252 252 252 252 251 251 254
 247 252 252 251 251 251 250 247 248 249 247 251 253 252 252 252
 239 243 244 244 245 245 245 245 246 244 244 245 244 242 244 235
 235 244 246 246 246 246 247 247 246 243 244 245 245 245 244 242
 235 244 244 246 246 245 246 246 246 243 244 244 245 245 244 240
 239 243 244 245 244 245 246 244 243 244 245 245 244 244 243 240
 239 194 142 155 236 245 213 154 238 243 243 244 244 243 243 241
 240 159  60  70 226 243 133 157 229 210 211 218 223 226 243 242
 238 186  59  67 219 223  91 213 147  64  72  95  66  70 206 241
 233 197  58  63 209 150 142 240 104  57 119 207  69  67 207 241
 230 182  63  61 157 101 221 232  83  57 167 163  57  81 233 242
 235 186  65  58  84 154 241 210  63  60 197 133  56 121 238 237
 238 206  69  60  69 213 242 176  62  78 213 109  57 162 240 234
 238 227  99  76 144 240 241 147 103 136 221 112  97 199 241 235
 235 241 242 242 242 243 242 242 242 241 240 240 241 241 241 236
 234 242 242 242 242 243 243 242 242 242 242 242 242 242 242 235
 229 241 242 242 243 243 242 242 243 242 242 242 242 242 242 237
 228 239 239 241 241 241 241 236 234 235 236 239 239 241 238 234
 205 212 211 209 209 209 210 212 212 209 210 212 212 211 211 200
 206 206 208 208 206 206 208 209 209 210 209 210 210 209 207 203
 204 205 205 206 208 208 208 208 209 210 208 207 207 207 206 201
 205 204 205 205 207 208 206 205 206 205 205 205 207 207 206 204
 204 155 109 124 201 205 176 121 204 206 205 205 205 206 206 204
 201 124  42  56 200 202 102 128 194 173 175 180 185 189 204 204
 203 149  40  47 187 184  64 179 115  42  52  74  45  49 176 204
 200 161  41  43 176 119 115 200  77  41  98 172  44  50 180 204
 199 147  42  41 129  76 192 191  57  38 138 130  41  64 203 204
 202 151  41  38  64 127 205 172  41  44 168 101  41 102 204 199
 202 168  40  37  52 181 202 143  42  60 180  76  41 140 205 197
 200 185  63  50 117 207 204 115  76 108 186  83  79 173 205 199
 200 201 203 203 202 204 203 204 203 203 203 202 206 205 204 198
 200 203 203 203 203 204 204 204 204 203 205 204 204 205 202 200
 197 202 202 201 204 204 203 203 204 204 205 204 204 202 202 200
 191 199 201 203 203 202 202 196 196 199 198 198 200 201 200 193

 250 253 252 253 253 253 254 253 252 249 247 248 249 252 254 252
 254 251 251 251 252 253 224 225 250 252 251 252 251 252 251 252
 254 251 251 252 252 242  95  86 105 144 179 217 254 252 251 252
 253 251 252 253 253 238  93  93  84  77  76 123 253 252 252 253
 253 251 253 253 254 233 120 231 189 157 134 139 253 252 252 251
 254 253 253 253 254 229  99 139 182 217 234 244 252 252 252 247
 254 252 252 253 253 228  94  77  69  77  95 154 253 251 252 249
 253 250 252 253 253 245 172 129 100  81  81 126 253 252 252 248
 254 251 251 252 179 182 230 253 245 230 200 176 253 252 251 247
 254 251 251 251 232 161 117 164 242 255 254 252 252 252 252 250
 254 250 251 251 253 254 239 176 136 183 232 252 252 252 252 251
 254 249 251 252 249 244 236 229 185 112  92 162 251 251 252 251
 254 250 253 252 177  96  86  81  81  78  76  96 252 251 251 251
 254 251 254 253 166  90  80  81  87  91  95 124 253 251 252 252
 253 251 254 251 217 187 207 215 206 212 229 247 251 252 253 252
 253 250 253 251 253 254 254 252 251 253 254 253 250 251 247 247
 235 242 240 240 241 242 241 241 242 237 234 235 236 235 237 234
 244 244 244 243 243 243 206 207 233 238 240 241 241 242 242 238
 242 245 245 244 243 226  70  67  81 121 162 199 241 242 242 241
 244 245 245 244 244 223  66  69  57  56  57  97 241 242 242 239
 245 245 244 245 244 218  95 207 163 133 109 112 240 242 242 239
 244 244 244 245 243 211  72 119 167 197 213 221 240 242 242 236
 244 243 243 244 243 210  64  57  57  60  78 136 241 242 242 235
 246 246 246 243 238 229 147 104  83  63  62 103 242 242 243 234
 245 247 246 244 154 157 213 240 232 210 176 147 242 242 242 236
 245 247 246 246 213 133  91 142 221 241 242 241 242 243 242 241
 245 246 245 245 245 243 223 150 101 154 213 240 243 243 243 241
 245 246 246 244 236 226 219 209 157  84  69 144 242 242 243 241
 244 246 246 245 155  70  67  63  61  58  60  76 242 242 242 241
 244 246 244 244 142  60  59  58  63  65  69  99 242 242 242 239
 243 244 244 243 194 159 186 197 182 186 206 227 241 242 241 239
 239 235 235 239 239 240 238 233 230 235 238 238 235 234 229 228
 200 203 201 204 204 204 204 204 204 199 197 199 198 200 200 193
 211 207 206 206 206 204 176 180 203 204 205 205 204 202 202 200
 211 209 207 207 206 189  49  50  64 102 140 173 205 205 202 201
 212 210 207 207 205 185  45  44  41  41  41  79 206 204 204 200
 212 210 207 205 205 180  74 172 130 101  76  83 202 204 204 198
 210 209 208 205 205 175  52  98 138 168 180 186 203 205 205 198
 209 210 210 205 206 173  42  41  38  44  60 108 203 203 204 199
 212 209 209 206 204 194 115  77  57  41  42  76 203 204 204 196
 212 209 208 205 121 128 179 200 191 172 143 115 204 204 203 196
 210 208 208 206 176 102  64 115 192 205 202 204 203 204 203 202
 209 206 208 208 205 202 184 119  76 127 181 207 204 204 204 202
 209 206 208 207 201 200 187 176 129  64  52 117 202 203 204 203
 209 208 206 205 124  56  47  43  41  38  37  50 203 203 201 203
 211 208 205 205 109  42  40  41  42  41  40  63 203 203 202 201
 212 206 205 204 155 124 149 161 147 151 168 185 201 203 202 199
 205 206 204 205 204 201 203 200 199 202 202 200 200 200 197 191

 252 252 252 253 251 247 249 248 247 250 251 251 251 252 252 247
 254 251 251 252 252 252 252 252 251 252 252 252 251 252 253 247
 252 252 252 252 252 252 251 252 252 252 252 251 251 251 252 251
 249 251 254 253 253 252 253 253 253 252 252 251 252 253 251 250
 248 252 217 123 139 244 154 126 176 252 252 162  96 124 247 253
 247 251 179  76 134 234  95  81 200 254 232  92  76  95 229 254
 249 252 144  77 157 217  77  81 230 255 183 112  78  91 212 253
 252 250 105  84 189 182  69 100 245 242 136 185  81  87 206 251
 253 225  86  93 231 139  77 129 253 164 176 229  81  81 215 252
 254 224  95  93 120  99  94 172 230 117 239 236  86  80 207 254
 253 253 242 238 233 229 228 245 182 161 254 244  96  90 187 254
 253 252 252 253 254 254 253 253 179 232 253 249 177 166 217 253
 253 251 252 253 253 253 253 253 252 251 251 252 252 253 251 251
 252 251 251 252 253 253 252 252 251 251 251 251 253 254 254 253
 253 251 251 251 251 253 252 250 251 251 250 249 250 251 251 250
 250 254 254 253 253 254 254 253 254 254 254 254 254 254 253 253
 234 238 241 239 239 236 235 234 236 241 241 241 241 239 239 228
 237 242 242 242 242 242 242 243 242 242 243 243 242 242 241 229
 235 242 242 242 242 242 242 242 242 243 243 242 242 242 242 234
 236 241 241 241 240 240 241 242 242 242 243 242 242 242 241 235
 235 241 199  97 112 221 136 103 147 241 240 144  76  99 227 238
 234 240 162  57 109 213  78  62 176 242 213  69  60  69 206 238
 237 238 121  56 133 197  60  63 210 241 154  84  58  65 186 235
 242 233  81  57 163 167  57  83 232 221 101 157  61  63 182 230
 241 207  67  69 207 119  57 104 240 142 150 209  63  58 197 233
 241 206  70  66  95  72  64 147 213  91 223 219  67  59 186 238
 242 243 226 223 218 211 210 229 157 133 243 226  70  60 159 240
 241 243 243 244 244 243 243 238 154 213 245 236 155 142 194 239
 240 243 244 244 245 245 244 243 244 246 245 244 245 244 243 239
 240 244 245 245 244 244 243 246 246 246 245 246 246 244 244 235
 242 244 245 245 245 244 243 246 247 247 246 246 246 246 244 235
 235 244 242 244 245 244 244 246 245 245 245 245 244 244 243 239
 193 200 201 200 198 198 199 196 196 202 202 203 203 201 199 191
 200 202 202 204 204 205 204 204 203 203 204 204 201 202 202 197
 200 202 205 204 204 205 203 204 204 204 204 203 203 203 203 200
 198 204 205 206 202 203 203 203 204 203 204 202 203 203 201 200
 199 205 173  79  83 186 108  76 115 204 207 117  50  63 185 200
 197 205 140  41  76 180  60  42 143 202 181  52  37  40 168 202
 199 204 102  41 101 168  44  41 172 205 127  64  38  41 151 202
 204 203  64  41 130 138  38  57 191 192  76 129  41  42 147 199
 204 180  50  44 172  98  41  77 200 115 119 176  43  41 161 200
 204 176  49  45  74  52  42 115 179  64 184 187  47  40 149 203
 204 204 189 185 180 175 173 194 128 102 202 200  56  42 124 201
 204 206 206 205 205 205 206 204 121 176 205 201 124 109 155 204
 204 206 207 207 205 205 205 206 205 206 208 207 205 205 204 205
 201 206 207 207 207 208 210 209 208 208 208 208 206 205 205 204
 203 207 209 210 210 209 210 209 209 208 206 206 208 208 206 206
 200 211 211 212 212 210 209 212 212 210 209 209 209 211 212 205

 247 247 251 250 253 254 253 251 252 254 254 253 251 253 250 253
 252 253 252 251 247 229 212 206 215 207 187 217 251 254 251 253
 252 252 251 253 124  95  91  87  81  80  90 166 253 254 251 254
 251 251 251 252  96  76  78  81  81  86  96 177 252 253 250 254
 251 252 251 251 162  92 112 185 229 236 244 249 252 251 249 254
 251 252 252 252 252 232 183 136 176 239 254 253 251 251 250 254
 250 252 252 252 252 254 255 242 164 117 161 232 251 251 251 254
 247 251 252 253 176 200 230 245 253 230 182 179 252 251 251 254
 248 252 252 253 126  81  81 100 129 172 245 253 253 252 250 253
 249 252 251 253 154  95  77  69  77  94 228 253 253 252 252 254
 247 252 252 252 244 234 217 182 139  99 229 254 253 253 253 254
 251 252 252 253 139 134 157 189 231 120 233 254 253 253 251 253
 253 252 252 253 123  76  77  84  93  93 238 253 253 252 251 253
 252 251 252 254 217 179 144 105  86  95 242 252 252 251 251 254
 252 251 252 251 252 251 252 250 225 224 253 252 251 251 251 254
 252 254 252 249 248 247 249 252 253 254 253 253 253 252 253 250
 228 229 234 235 238 238 235 230 233 238 240 239 239 235 235 239
 239 241 242 241 227 206 186 182 197 186 159 194 243 244 244 243
 239 242 242 242  99  69  65  63  58  59  60 142 244 244 246 244
 241 242 242 242  76  60  58  61  63  67  70 155 245 246 246 244
 241 243 242 242 144  69  84 157 209 219 226 236 244 246 246 245
 241 243 243 243 240 213 154 101 150 223 243 245 245 245 246 245
 241 242 243 242 241 242 241 221 142  91 133 213 246 246 247 245
 236 242 242 242 147 176 210 232 240 213 157 154 244 246 247 245
 234 243 242 242 103  62  63  83 104 147 229 238 243 246 246 246
 235 242 242 241 136  78  60  57  57  64 210 243 244 243 243 244
 236 242 242 240 221 213 197 167 119  72 211 243 245 244 244 244
 239 242 242 240 112 109 133 163 207  95 218 244 245 244 245 245
 239 242 242 241  97  57  56  57  69  66 223 244 244 245 245 244
 241 242 242 241 199 162 121  81  67  70 226 243 244 245 245 242
 238 242 242 241 241 240 238 233 207 206 243 243 243 244 244 244
 234 237 235 236 235 234 237 242 241 241 242 241 240 240 242 235
 191 197 200 200 200 202 202 199 200 203 201 204 205 204 206 205
 199 202 203 201 185 168 151 147 161 149 124 155 204 205 206 212
 201 202 203 203  63  40  41  42  41  40  42 109 205 205 208 211
 203 201 203 203  50  37  38  41  43  47  56 124 205 206 208 209
 203 204 203 202 117  52  64 129 176 187 200 201 207 208 206 209
 202 204 204 204 207 181 127  76 119 184 202 205 208 208 206 209
 202 203 204 203 204 202 205 192 115  64 102 176 206 208 208 210
 196 203 204 204 115 143 172 191 200 179 128 121 205 208 209 212
 196 204 204 203  76  42  41  57  77 115 194 204 206 209 209 212
 199 204 203 203 108  60  44  38  41  42 173 206 205 210 210 209
 198 205 205 203 186 180 168 138  98  52 175 205 205 208 209 210
 198 204 204 202  83  76 101 130 172  74 180 205 205 207 210 212
 200 204 204 206  79  41  41  41  44  45 185 205 207 207 210 212
 201 202 205 205 173 140 102  64  50  49 189 206 207 207 209 211
 200 202 202 204 205 205 204 203 180 176 204 206 206 206 207 211
 193 200 200 198 199 197 199 204 204 204 204 204 204 201 203 200

