 249 250 254 253 254 254 254 254 254 254 254 253 254 254 253 247
 251 252 253 253 253 253 253 251 251 252 252 253 253 252 253 248
 252 251 253 253 252 252 252 252 253 252 252 251 252 252 252 252
 254 253 253 253 252 251 208 187 222 253 251 251 252 251 252 254
 254 253 252 253 252 226 109  89 188 252 253 252 253 254 252 248
 253 252 252 252 253 203  85  83 210 191 111 112 120 110 133 235
 253 253 251 251 250 178  89 101 240 139  83 158 222  89  95 222
 253 252 253 251 251 138  88 131 232 115  85 201 185  82 107 249
 249 195 182 225 237 112  81 156 227  87  90 225 160  83 147 252
 223 104  90 193 222  87  78 195 190  83 104 242 127  85 168 254
 234 108 102 114 113 102 124 239 157  79  98 131 106 117 232 252
 254 248 247 247 247 250 251 246 141  86 169 244 247 251 252 253
 253 251 251 251 252 252 251 247 187 179 229 252 251 251 253 248
 247 251 251 250 251 250 251 252 251 252 252 251 251 251 253 249
 247 252 251 250 251 251 251 252 250 251 251 251 251 251 251 250
 240 250 249 249 251 251 251 252 251 251 251 250 250 252 251 251
 229 236 241 240 241 241 243 241 243 242 242 241 242 242 242 232
 239 245 244 245 245 245 245 244 244 244 244 244 244 243 244 237
 236 245 245 244 243 244 243 244 244 245 244 243 243 243 243 240
 239 245 245 244 243 239 185 166 205 243 244 244 243 242 242 239
 239 245 244 244 244 207  78  63 166 241 244 243 244 244 243 234
 240 243 243 244 243 177  62  64 191 164  83  87  93  81 103 209
 240 245 243 243 241 152  62  78 218 112  61 135 197  68  68 196
 237 242 243 242 238 111  59 102 206  91  60 179 163  64  83 229
 223 166 154 205 217  86  61 130 200  61  66 201 132  56 121 232
 192  76  64 167 197  63  60 174 166  64  80 216 100  57 143 235
 206  75  71  82  80  70  98 218 131  58  70  99  74  85 209 235
 239 231 231 232 230 233 238 228 109  61 144 223 227 237 240 236
 238 243 242 242 241 242 243 234 160 150 210 243 242 241 240 230
 230 241 241 242 243 242 243 243 244 243 242 242 243 242 241 235
 229 241 240 239 241 242 241 243 242 243 243 243 242 242 243 236
 221 236 238 237 236 240 239 238 239 238 237 237 241 241 241 235
 193 197 202 200 200 198 202 203 205 204 204 201 202 203 200 188
 201 204 205 204 203 202 203 205 205 205 204 202 204 204 202 194
 202 203 203 204 203 203 202 203 204 201 202 203 204 204 204 197
 207 202 202 203 203 195 147 131 169 200 201 202 201 201 202 198
 203 202 203 202 200 166  49  41 134 194 203 200 200 202 202 193
 204 204 204 204 202 140  40  45 158 124  54  58  63  55  74 173
 201 202 203 203 199 111  39  55 181  76  37 105 157  40  46 162
 201 202 202 200 196  73  41  76 168  60  41 148 123  39  58 191
 189 129 119 166 175  53  39 102 162  36  44 166 101  44  97 195
 152  45  45 134 157  35  38 139 124  38  54 180  70  43 119 195
 170  48  44  51  54  49  74 182  92  39  52  72  48  60 175 192
 198 193 189 189 193 195 198 186  79  41 116 186 188 195 196 195
 195 197 199 201 202 202 199 189 121 111 170 203 202 202 200 193
 193 200 200 199 199 199 200 201 200 200 201 201 202 201 199 192
 191 198 197 197 199 199 199 200 200 201 201 199 202 201 197 190
 184 195 197 195 194 196 196 195 195 195 195 194 198 197 194 188

 247 248 252 254 248 235 222 249 252 254 252 253 248 249 250 251
 253 253 252 252 252 133  95 107 147 168 232 252 253 253 251 251
 254 252 252 251 254 110  89  82  83  85 117 251 251 251 251 252
 254 253 252 252 253 120 222 185 160 127 106 247 251 251 251 250
 253 253 251 251 252 112 158 201 225 242 131 244 252 251 251 250
 254 252 252 251 253 111  83  85  90 104  98 169 229 252 251 251
 254 252 252 253 252 191 139 115  87  83  79  86 179 252 251 251
 254 251 253 222 188 210 240 232 227 190 157 141 187 251 250 251
 254 251 252 187  89  83 101 131 156 195 239 246 247 252 252 252
 254 253 252 208 109  85  89  88  81  78 124 251 251 251 251 251
 254 253 252 251 226 203 178 138 112  87 102 250 252 250 251 251
 254 253 252 252 252 253 250 251 237 222 113 247 252 251 251 251
 253 253 253 253 253 252 251 251 225 193 114 247 251 250 250 249
 254 253 253 253 252 252 251 253 182  90 102 247 251 251 251 249
 250 252 251 253 253 252 253 252 195 104 108 248 251 251 252 250
 249 251 252 254 254 253 253 253 249 223 234 254 253 247 247 240
 232 237 240 239 234 209 196 229 232 235 235 236 230 235 236 235
 242 244 243 242 243 103  68  83 121 143 209 240 240 241 243 241
 242 243 243 242 244  81  68  64  56  57  85 237 241 242 242 241
 242 244 243 243 244  93 197 163 132 100  74 227 242 243 242 241
 241 244 243 244 243  87 135 179 201 216  99 223 243 242 243 237
 242 244 244 244 244  83  61  60  66  80  70 144 210 242 243 237
 242 244 245 243 241 164 112  91  61  64  58  61 150 243 243 238
 243 244 244 205 166 191 218 206 200 166 131 109 160 244 242 239
 241 244 244 166  63  64  78 102 130 174 218 228 234 243 243 238
 243 245 243 185  78  62  62  59  61  60  98 238 243 243 241 239
 241 245 244 239 207 177 152 111  86  63  70 233 242 242 242 240
 241 245 243 243 244 243 241 238 217 197  80 230 241 243 241 236
 240 245 244 244 244 244 243 242 205 167  82 232 242 242 239 237
 241 244 245 245 244 243 243 243 154  64  71 231 242 241 240 238
 236 245 245 245 245 243 245 242 166  76  75 231 243 241 241 236
 229 239 236 239 239 240 240 237 223 192 206 239 238 230 229 221
 188 194 197 198 193 173 162 191 195 195 192 195 193 192 190 188
 200 202 204 202 202  74  46  58  97 119 175 196 200 199 197 194
 203 204 204 201 202  55  40  39  44  43  60 195 202 201 201 197
 202 204 204 201 200  63 157 123 101  70  48 188 202 202 202 198
 201 202 203 202 200  58 105 148 166 180  72 186 203 201 199 194
 204 204 202 201 203  54  37  41  44  54  52 116 170 201 201 195
 204 205 201 200 194 124  76  60  36  38  39  41 111 200 201 195
 205 205 204 169 134 158 181 168 162 124  92  79 121 200 200 195
 203 205 203 131  41  45  55  76 102 139 182 186 189 201 200 195
 202 203 202 147  49  40  39  41  39  38  74 198 199 200 199 196
 198 202 203 195 166 140 111  73  53  35  49 195 202 199 199 196
 200 203 203 203 200 202 199 196 175 157  54 193 202 199 199 194
 200 204 204 203 202 204 203 200 166 134  51 189 201 199 197 195
 202 205 203 202 203 204 203 202 119  45  44 189 199 200 197 197
 197 204 203 202 202 204 202 202 129  45  48 193 197 200 198 195
 193 201 202 207 203 204 201 201 189 152 170 198 195 193 191 184

 251 251 252 250 250 251 251 251 252 251 251 251 249 249 250 240
 250 251 251 251 251 251 251 250 252 251 251 251 250 251 252 247
 249 253 251 251 251 252 252 251 252 251 250 251 250 251 251 247
 248 253 251 251 252 229 179 187 247 251 252 252 251 251 251 253
 253 252 251 247 244 169  86 141 246 251 250 247 247 247 248 254
 252 232 117 106 131  98  79 157 239 124 102 113 114 102 108 234
 254 168  85 127 242 104  83 190 195  78  87 222 193  90 104 223
 252 147  83 160 225  90  87 227 156  81 112 237 225 182 195 249
 249 107  82 185 201  85 115 232 131  88 138 251 251 253 252 253
 222  95  89 222 158  83 139 240 101  89 178 250 251 251 253 253
 235 133 110 120 112 111 191 210  83  85 203 253 252 252 252 253
 248 252 254 253 252 253 252 188  89 109 226 252 253 252 253 254
 254 252 251 252 251 251 253 222 187 208 251 252 253 253 253 254
 252 252 252 252 251 252 252 253 252 252 252 252 253 253 251 252
 248 253 252 253 253 252 252 251 251 253 253 253 253 253 252 251
 247 253 254 254 253 254 254 254 254 254 254 254 253 254 250 249
 235 241 241 241 237 237 238 239 238 239 240 236 237 238 236 221
 236 243 242 242 243 243 243 242 243 241 242 241 239 240 241 229
 235 241 242 243 242 242 243 244 243 243 242 243 242 241 241 230
 230 240 241 242 243 210 150 160 234 243 242 241 242 242 243 238
 236 240 237 227 223 144  61 109 228 238 233 230 232 231 231 239
 235 209  85  74  99  70  58 131 218  98  70  80  82  71  75 206
 235 143  57 100 216  80  64 166 174  60  63 197 167  64  76 192
 232 121  56 132 201  66  61 200 130  61  86 217 205 154 166 223
 229  83  64 163 179  60  91 206 102  59 111 238 242 243 242 237
 196  68  68 197 135  61 112 218  78  62 152 241 243 243 245 240
 209 103  81  93  87  83 164 191  64  62 177 243 244 243 243 240
 234 243 244 244 243 244 241 166  63  78 207 244 244 244 245 239
 239 242 242 243 244 244 243 205 166 185 239 243 244 245 245 239
 240 243 243 243 243 244 245 244 244 243 244 243 244 245 245 236
 237 244 243 244 244 244 244 244 244 245 245 245 245 244 245 239
 232 242 242 242 241 242 242 243 241 243 241 241 240 241 236 229
 188 194 197 198 194 195 195 195 195 196 196 194 195 197 195 184
 190 197 201 202 199 201 201 200 200 199 199 199 197 197 198 191
 192 199 201 202 201 201 200 200 201 200 199 199 199 200 200 193
 193 200 202 202 203 170 111 121 189 199 202 202 201 199 197 195
 195 196 195 188 186 116  41  79 186 198 195 193 189 189 193 198
 192 175  60  48  72  52  39  92 182  74  49  54  51  44  48 170
 195 119  43  70 180  54  38 124 139  38  35 157 134  45  45 152
 195  97  44 101 166  44  36 162 102  39  53 175 166 119 129 189
 191  58  39 123 148  41  60 168  76  41  73 196 200 202 202 201
 162  46  40 157 105  37  76 181  55  39 111 199 203 203 202 201
 173  74  55  63  58  54 124 158  45  40 140 202 204 204 204 204
 193 202 202 200 200 203 194 134  41  49 166 200 202 203 202 203
 198 202 201 201 202 201 200 169 131 147 195 203 203 202 202 207
 197 204 204 204 203 202 201 204 203 202 203 203 204 203 203 202
 194 202 204 204 202 204 205 205 205 203 202 203 204 205 204 201
 188 200 203 202 201 204 204 205 203 202 198 200 200 202 197 193

 240 247 247 253 254 234 223 249 253 253 253 254 254 252 251 249
 250 252 251 251 248 108 104 195 252 253 252 253 253 251 252 250
 249 251 251 251 247 102  90 182 253 251 252 252 253 253 253 254
 249 250 250 251 247 114 193 225 251 251 252 253 253 253 253 253
 251 251 251 252 247 113 222 237 251 250 253 252 252 252 253 254
 251 251 250 252 250 102  87 112 138 178 203 226 251 252 253 254
 251 251 251 251 251 124  78  81  88  89  85 109 208 252 253 254
 252 252 252 247 246 239 195 156 131 101  83  89 187 252 251 254
 251 250 251 187 141 157 190 227 232 240 210 188 222 253 251 254
 251 251 252 179  86  79  83  87 115 139 191 252 253 252 252 254
 251 251 252 229 169  98 104  90  85  83 111 253 251 252 252 254
 250 251 251 252 244 131 242 225 201 158 112 252 251 251 253 253
 250 251 251 251 247 106 127 160 185 222 120 253 252 252 253 254
 252 251 251 251 251 117  85  83  82  89 110 254 251 252 252 254
 251 251 253 253 252 232 168 147 107  95 133 252 252 252 253 253
 251 250 249 248 253 252 254 252 249 222 235 248 254 252 248 247
 221 229 230 238 239 206 192 223 237 240 240 239 239 236 239 229
 236 241 241 243 231  75  76 166 242 245 243 245 245 245 245 236
 238 240 241 242 231  71  64 154 243 243 243 244 245 245 244 241
 237 239 242 242 232  82 167 205 242 243 244 244 244 244 245 240
 236 241 243 241 230  80 197 217 238 241 243 244 243 243 245 241
 240 242 242 242 233  70  63  86 111 152 177 207 239 244 245 241
 239 241 243 243 238  98  60  61  59  62  62  78 185 243 245 243
 238 243 243 234 228 218 174 130 102  78  64  63 166 244 244 241
 239 242 244 160 109 131 166 200 206 218 191 166 205 244 244 243
 238 243 243 150  61  58  64  61  91 112 164 241 243 245 244 242
 237 243 242 210 144  70  80  66  60  61  83 244 244 244 244 242
 237 243 242 243 223  99 216 201 179 135  87 243 244 243 244 241
 241 242 243 242 227  74 100 132 163 197  93 244 243 243 244 242
 241 242 242 241 237  85  57  56  64  68  81 244 242 243 243 242
 241 243 241 240 240 209 143 121  83  68 103 243 242 243 244 242
 235 236 235 230 236 235 235 232 229 196 209 234 239 240 237 232
 184 191 193 195 198 170 152 189 201 201 204 203 207 202 201 193
 195 198 200 197 193  48  45 129 202 202 204 202 202 203 204 197
 197 197 200 199 189  44  45 119 202 203 204 203 202 203 205 202
 195 197 199 201 189  51 134 166 200 203 204 202 203 204 204 200
 194 199 199 202 193  54 157 175 196 199 202 200 203 203 203 200
 196 199 199 202 195  49  35  53  73 111 140 166 195 203 202 198
 196 199 200 199 198  74  38  39  41  39  40  49 147 202 203 202
 195 200 201 189 186 182 139 102  76  55  45  41 131 203 205 203
 195 200 200 121  79  92 124 162 168 181 158 134 169 204 205 205
 195 201 200 111  41  39  38  36  60  76 124 194 200 201 205 204
 195 201 201 170 116  52  54  44  41  37  54 203 201 202 204 204
 194 199 201 203 186  72 180 166 148 105  58 200 202 203 202 201
 198 202 202 202 188  48  70 101 123 157  63 200 201 204 204 202
 197 201 201 202 195  60  43  44  39  40  55 202 201 204 204 203
 194 197 199 200 196 175 119  97  58  46  74 202 202 204 202 200
 188 190 192 193 195 192 195 195 191 162 173 193 198 197 194 188

