 245 253 253 254 254 253 253 253 252 253 253 253 253 253 254 253
 246 252 252 253 252 251 251 251 251 252 253 252 253 253 253 253
 249 253 252 253 252 251 251 252 253 253 253 252 252 253 252 252
 250 251 252 252 253 253 253 251 252 253 248 251 252 252 251 253
 250 253 191 126 158 253 251 206 137 156 246 216 138 143 246 253
 247 245 140  80  97 250 239 116  71 111 225 155  88 105 206 254
 248 246 105  71  90 245 165  76  67 144 179 113  75 115 180 253
 253 220  95  74  81 164  98  69  67 173 247 128  77 176 253 253
 254 199 149  94  74  88 145  85  76 203 232 101  89 222 253 253
 244 159 187 126  76 131 169  72  91 243 206  79  97 244 253 251
 236 138 245 142  82 225 137  74 127 251 180  87 109 240 252 253
 225 196 252 191 179 251 163 146 204 254 213 154 141 176 253 254
 254 253 253 254 254 254 254 253 253 254 254 253 254 253 251 254
 254 252 253 252 253 253 251 250 252 252 252 251 253 253 250 253
 254 252 253 253 252 252 251 251 252 252 252 251 252 252 251 252
 250 229 227 230 234 240 240 242 245 247 250 249 251 252 253 245
 233 245 247 248 248 249 249 250 248 248 248 247 247 247 247 244
 232 248 247 247 249 250 250 251 249 249 249 248 250 249 248 248
 237 248 248 249 249 250 249 249 248 248 249 248 248 248 248 246
 236 248 247 247 248 249 250 248 248 248 247 249 247 248 248 246
 236 245 166 100 131 248 247 186 110 130 232 200 115 123 234 245
 235 233 116  58  68 237 223  91  50  86 198 130  63  82 187 244
 235 233  88  57  62 227 137  55  50 126 150  83  60  95 154 243
 241 205  75  58  54 134  73  56  55 161 231  97  57 155 246 244
 243 174 118  69  54  62 117  62  61 189 218  80  63 203 246 244
 223 126 153  94  58 108 140  56  76 232 191  63  77 228 247 244
 216 107 223 114  61 205 107  55 110 240 154  58  93 227 246 241
 198 167 236 162 154 234 135 123 182 244 191 128 119 154 244 243
 243 245 245 245 246 246 246 245 246 245 245 245 244 245 245 242
 242 245 246 245 246 246 246 246 247 246 245 245 246 245 246 243
 241 243 244 246 245 245 246 246 246 244 243 246 247 246 246 242
 236 216 215 217 222 226 228 231 234 235 238 238 240 241 246 232
 196 205 206 209 210 212 216 216 214 213 212 210 209 209 210 202
 194 207 211 213 210 211 213 212 213 212 211 209 209 210 212 207
 199 207 208 209 210 211 212 213 213 210 208 208 208 211 212 208
 200 208 208 210 212 209 209 209 209 207 204 206 207 209 211 208
 202 204 130  67 101 210 206 149  80 105 197 159  87  97 200 206
 199 192  86  42  49 205 184  61  35  71 166  93  41  60 155 204
 197 189  57  40  44 193 104  40  35  98 112  57  40  74 130 207
 205 164  46  40  38 107  46  39  40 130 192  66  40 133 208 205
 204 136  87  42  34  45  90  43  44 160 179  50  49 178 208 204
 189  96 123  64  38  86 109  38  56 195 150  36  60 197 208 202
 181  81 187  85  47 177  73  38  89 202 118  40  70 193 206 204
 164 136 199 128 123 195  98  92 152 205 154  97  90 126 206 201
 205 205 206 206 205 205 207 205 206 206 205 206 206 206 207 202
 204 204 205 204 205 206 206 206 207 206 205 207 207 206 206 201
 204 204 205 206 205 205 206 206 206 205 204 206 207 206 206 200
 198 175 179 182 186 191 191 192 195 198 198 199 201 202 207 190

 253 253 252 253 253 254 253 253 253 251 253 254 254 253 252 245
 254 253 252 251 246 206 180 253 253 253 252 253 251 250 251 253
 253 253 253 252 143 105 115 176 222 244 240 176 253 253 252 252
 253 253 252 252 138  88  75  77  89  97 109 141 254 253 252 251
 253 252 252 251 216 155 113 128 101  79  87 154 253 251 251 249
 253 253 253 248 246 225 179 247 232 206 180 213 254 252 252 250
 253 252 253 253 156 111 144 173 203 243 251 254 254 252 252 247
 252 251 253 252 137  71  67  67  76  91 127 204 253 252 252 245
 253 251 252 251 206 116  76  69  85  72  74 146 253 250 251 242
 253 251 251 253 251 239 165  98 145 169 137 163 254 251 251 240
 253 251 251 253 253 250 245 164  88 131 225 251 254 253 252 240
 254 252 252 253 158  97  90  81  74  76  82 179 254 253 252 234
 254 253 253 252 126  80  71  74  94 126 142 191 254 252 253 230
 253 252 252 252 191 140 105  95 149 187 245 252 253 253 253 227
 253 252 253 251 253 245 246 220 199 159 138 196 253 252 252 229
 245 246 249 250 250 247 248 253 254 244 236 225 254 254 254 250
 244 248 246 246 245 244 243 244 244 244 241 243 242 243 242 232
 247 248 248 248 234 187 154 246 246 247 246 244 245 246 246 246
 247 249 248 248 123  82  95 155 203 228 227 154 245 245 246 241
 247 250 248 247 115  63  60  57  63  77  93 119 244 246 247 240
 247 248 248 249 200 130  83  97  80  63  58 128 245 245 246 238
 248 249 249 247 232 198 150 231 218 191 154 191 245 245 243 238
 248 249 248 248 130  86 126 161 189 232 240 244 245 246 244 235
 248 249 248 248 110  50  50  55  61  76 110 182 246 247 246 234
 250 251 249 248 186  91  55  56  62  56  55 123 245 246 246 231
 249 250 249 250 247 223 137  73 117 140 107 135 246 246 246 228
 249 250 250 249 248 237 227 134  62 108 205 234 246 246 245 226
 248 249 249 248 131  68  62  54  54  58  61 154 246 246 245 222
 248 247 249 247 100  58  57  58  69  94 114 162 245 245 246 217
 247 247 248 247 166 116  88  75 118 153 223 236 245 246 244 215
 245 248 248 248 245 233 233 205 174 126 107 167 245 245 243 216
 233 232 237 236 236 235 235 241 243 223 216 198 243 242 241 236
 202 207 208 208 206 204 207 205 204 202 204 201 202 201 200 190
 210 212 212 211 200 155 130 208 208 208 206 206 207 206 206 207
 209 210 211 209  97  60  74 133 178 197 193 126 206 206 206 202
 209 209 208 207  87  41  40  40  49  60  70  90 206 207 207 201
 210 209 208 206 159  93  57  66  50  36  40  97 206 207 206 199
 212 211 208 204 197 166 112 192 179 150 118 154 205 205 204 198
 213 212 210 207 105  71  98 130 160 195 202 205 206 206 205 198
 214 213 213 209  80  35  35  40  44  56  89 152 206 207 206 195
 216 212 213 209 149  61  40  39  43  38  38  92 205 206 206 192
 216 213 212 209 206 184 104  46  90 109  73  98 207 206 206 191
 212 211 211 209 210 205 193 107  45  86 177 195 205 206 205 191
 210 210 210 212 101  49  44  38  34  38  47 123 205 205 205 186
 209 213 209 210  67  42  40  40  42  64  85 128 206 204 206 182
 206 211 208 208 130  86  57  46  87 123 187 199 206 205 205 179
 205 207 207 208 204 192 189 164 136  96  81 136 205 204 204 175
 196 194 199 200 202 199 197 205 204 189 181 164 205 204 204 198

 245 253 252 251 249 250 247 245 242 240 240 234 230 227 229 250
 252 251 252 252 251 252 252 252 251 251 252 252 253 253 252 254
 253 250 253 253 251 252 252 252 250 251 253 253 252 253 252 254
 254 251 253 254 253 254 254 253 253 254 254 254 254 253 253 254
 254 253 176 141 154 213 254 204 146 163 251 179 191 252 196 225
 253 252 240 109  87 180 251 127  74 137 225  82 142 245 138 236
 251 253 244  97  79 206 243  91  72 169 131  76 126 187 159 244
 253 253 222  89 101 232 203  76  85 145  88  74  94 149 199 254
 253 253 176  77 128 247 173  67  69  98 164  81  74  95 220 253
 253 180 115  75 113 179 144  67  76 165 245  90  71 105 246 248
 254 206 105  88 155 225 111  71 116 239 250  97  80 140 245 247
 253 246 143 138 216 246 156 137 206 251 253 158 126 191 253 250
 253 251 252 252 251 248 253 252 251 253 253 253 252 252 251 250
 252 252 253 252 252 253 253 253 252 251 251 252 253 252 253 249
 253 253 253 253 252 253 252 251 251 251 251 252 253 252 252 246
 253 254 253 253 253 253 253 252 253 253 253 254 254 253 253 245
 232 246 241 240 238 238 235 234 231 228 226 222 217 215 216 236
 242 246 246 247 246 243 244 246 246 246 245 245 246 244 243 241
 243 246 245 246 245 245 246 247 246 246 246 246 245 246 245 242
 242 245 245 244 245 245 245 246 245 246 246 246 245 245 245 243
 243 244 154 119 128 191 244 182 123 135 234 154 162 236 167 198
 241 246 227  93  58 154 240 110  55 107 205  61 114 223 107 216
 244 247 228  77  63 191 232  76  56 140 108  58  94 153 126 223
 244 246 203  63  80 218 189  61  62 117  62  54  69 118 174 243
 244 246 155  57  97 231 161  55  56  73 134  54  58  75 205 241
 243 154  95  60  83 150 126  50  55 137 227  62  57  88 233 235
 244 187  82  63 130 198  86  50  91 223 237  68  58 116 233 235
 245 234 123 115 200 232 130 110 186 247 248 131 100 166 245 236
 246 248 248 247 249 247 248 248 248 250 249 248 247 247 248 236
 246 248 248 248 248 249 248 248 249 249 250 249 249 248 248 237
 248 248 249 250 248 249 249 249 251 250 250 249 247 247 248 232
 244 247 247 247 247 248 248 248 250 249 249 248 248 247 245 233
 190 207 202 201 199 198 198 195 192 191 191 186 182 179 175 198
 200 206 206 207 206 204 205 206 206 206 205 205 206 205 204 204
 201 206 206 207 207 205 206 207 206 206 206 205 204 205 204 204
 202 207 206 206 206 205 206 206 205 207 205 205 206 206 205 205
 201 206 126  90  97 154 205 152  92  98 195 123 128 199 136 164
 204 206 193  70  40 118 202  89  38  73 177  47  85 187  81 181
 202 208 197  60  36 150 195  56  38 109  86  38  64 123  96 189
 204 208 178  49  50 179 160  44  43  90  45  34  42  87 136 204
 205 208 133  40  66 192 130  40  39  46 107  38  40  46 164 205
 207 130  74  40  57 112  98  35  40 104 193  44  40  57 189 197
 204 155  60  41  93 166  71  35  61 184 205  49  42  86 192 199
 206 200  97  87 159 197 105  80 149 206 210 101  67 130 204 202
 208 211 209 207 206 204 207 209 209 209 209 212 210 208 208 200
 208 212 211 208 208 208 210 213 213 212 211 210 209 208 207 199
 207 212 210 209 209 211 212 213 212 213 211 210 213 211 207 194
 202 210 209 209 210 212 213 214 216 216 212 210 209 206 205 196

 250 254 254 254 225 236 244 254 253 248 247 250 250 249 246 245
 229 252 252 253 196 138 159 199 220 246 245 253 251 253 252 253
 227 253 253 253 252 245 187 149  95 105 140 191 252 252 252 253
 230 253 252 254 191 142 126  94  74  71  80 126 252 253 253 254
 234 252 253 254 179  82  76  74  81  90  97 158 253 252 252 254
 240 252 253 254 251 225 131  88 164 245 250 253 253 251 251 253
 240 251 251 254 163 137 169 145  98 165 239 251 253 251 251 253
 242 251 250 253 146  74  72  85  69  76 116 206 251 252 251 253
 245 252 252 253 204 127  91  76  67  67  71 137 252 253 251 252
 247 252 252 254 254 251 243 203 173 144 111 156 253 253 252 253
 250 252 252 254 213 180 206 232 247 179 225 246 248 253 253 253
 249 251 251 253 154  87  79 101 128 113 155 216 251 252 252 253
 251 252 253 254 141 109  97  89  77  75  88 138 252 252 253 253
 252 252 253 253 176 240 244 222 176 115 105 143 252 253 253 253
 253 251 250 251 253 252 253 253 253 180 206 246 251 252 253 254
 245 252 253 254 254 253 251 253 253 253 254 253 253 252 253 253
 236 241 242 243 198 216 223 243 241 235 235 236 236 237 232 233
 216 243 245 245 167 107 126 174 205 233 233 245 248 248 248 245
 215 244 246 245 236 223 153 118  75  88 116 166 247 248 247 247
 217 246 245 245 162 114  94  69  58  57  58 100 247 249 247 248
 222 245 246 246 154  61  58  54  54  62  68 131 248 249 249 248
 226 245 246 246 234 205 108  62 134 227 237 248 249 250 250 249
 228 246 246 246 135 107 140 117  73 137 223 247 250 249 250 249
 231 246 246 245 123  55  56  62  56  55  91 186 248 249 251 250
 234 246 247 246 182 110  76  61  55  50  50 110 248 248 249 248
 235 244 246 245 244 240 232 189 161 126  86 130 248 248 249 248
 238 243 245 245 191 154 191 218 231 150 198 232 247 249 249 248
 238 246 245 245 128  58  63  80  97  83 130 200 249 248 248 247
 240 247 246 244 119  93  77  63  57  60  63 115 247 248 250 247
 241 246 245 245 154 227 228 203 155  95  82 123 248 248 249 247
 246 246 246 245 244 246 247 246 246 154 187 234 248 248 248 247
 232 242 243 242 243 241 244 244 244 243 244 245 246 246 248 244
 198 204 204 205 164 181 189 204 205 197 199 202 200 199 194 196
 175 204 204 205 136  81  96 136 164 189 192 204 208 207 207 205
 179 205 205 206 199 187 123  87  46  57  86 130 208 208 211 206
 182 206 204 206 128  85  64  42  40  40  42  67 210 209 213 209
 186 205 205 205 123  47  38  34  38  44  49 101 212 210 210 210
 191 205 206 205 195 177  86  45 107 193 205 210 209 211 211 212
 191 206 206 207  98  73 109  90  46 104 184 206 209 212 213 216
 192 206 206 205  92  38  38  43  39  40  61 149 209 213 212 216
 195 206 207 206 152  89  56  44  40  35  35  80 209 213 213 214
 198 205 206 206 205 202 195 160 130  98  71 105 207 210 212 213
 198 204 205 205 154 118 150 179 192 112 166 197 204 208 211 212
 199 206 207 206  97  40  36  50  66  57  93 159 206 208 209 210
 201 207 207 206  90  70  60  49  40  40  41  87 207 208 209 209
 202 206 206 206 126 193 197 178 133  74  60  97 209 211 210 209
 207 206 206 207 206 206 208 208 208 130 155 200 211 212 212 210
 190 200 201 202 201 204 202 204 205 207 204 206 208 208 207 202

