 254 253 253 254 253 252 253 254 253 253 254 254 254 254 253 254
 253 252 253 253 252 251 251 252 253 251 252 253 252 252 250 254
 254 251 252 253 251 250 252 253 253 252 251 253 251 252 251 254
 254 252 251 251 253 252 252 252 252 252 252 252 253 252 253 254
 254 251 234 145 114 124 126 122 136 237 250 124  98 194 253 254
 254 254 170  93 101 227 177  93  94 199 168  93  87 160 231 252
 254 248 143  82 116 254 227 205 206 216 161  85  96 184 247 252
 254 252 130  87 105 144 148 155 211 254 183  87 131 250 252 253
 254 253 228 216 215 190  90  84 169 248 151  79 168 254 253 254
 254 218 165 178 247 224  86  94 217 244 123  75 200 254 251 252
 254 187  88  96 178 147  80 113 241 231  95  81 181 246 252 253
 254 218 154 154 155 157 173 218 254 241 189 174 176 237 254 253
 254 254 254 255 254 254 254 253 254 253 254 253 254 254 253 254
 254 254 255 254 254 254 254 253 254 253 252 252 253 254 254 254
 253 253 254 253 254 254 255 253 252 252 253 253 253 254 254 253
 251 252 254 254 252 252 253 252 252 252 245 246 248 253 252 254
 242 247 247 246 246 248 248 248 248 247 246 246 246 247 249 242
 243 247 248 249 250 249 249 247 247 245 247 246 247 248 247 245
 243 248 249 250 248 247 246 246 247 247 247 247 247 247 247 247
 245 248 249 247 247 247 246 246 245 246 245 247 247 246 247 245
 242 248 218 116  88  98  93  93 112 221 236 103  76 177 245 246
 243 245 143  64  75 207 146  67  72 172 143  69  66 134 216 241
 244 237 126  64  92 241 207 183 187 194 135  64  74 159 231 243
 244 242 111  65  83 124 126 133 191 239 160  65 108 236 244 244
 242 245 211 194 193 163  67  62 144 233 127  61 147 242 244 244
 242 204 148 154 227 206  67  68 197 230 105  60 180 243 244 242
 242 164  63  71 153 122  63  85 223 215  76  63 160 234 244 242
 239 198 135 137 132 134 155 198 244 227 166 149 149 221 244 242
 240 244 245 246 245 245 244 245 245 244 245 246 246 245 245 244
 242 245 245 244 245 245 245 245 245 245 244 245 246 246 246 244
 239 245 246 246 247 245 245 245 246 245 245 245 244 244 245 242
 234 244 246 245 244 245 245 243 244 245 237 237 237 242 245 244
 204 207 207 206 206 208 206 207 208 207 205 202 204 206 208 197
 205 207 208 208 205 205 205 204 205 206 206 204 205 207 206 203
 204 206 206 207 205 204 205 206 205 203 205 205 206 207 206 204
 204 205 202 202 206 204 203 206 201 201 204 204 206 204 204 201
 201 204 169  75  58  69  64  63  80 182 192  67  55 149 203 201
 205 205 106  40  51 166 109  39  48 136 106  42  44 104 177 198
 201 192  87  41  64 204 168 146 150 151  99  43  57 128 193 199
 198 198  79  44  55  90  92 101 158 195 118  43  83 196 201 197
 197 198 170 157 157 125  46  43 119 191  90  39 119 202 204 201
 198 152 110 124 189 160  40  49 163 181  68  39 147 202 205 200
 199 119  36  52 121  85  40  64 189 173  45  41 130 196 204 199
 199 153 100 107 103 104 121 163 203 187 133 116 116 185 205 199
 201 205 206 204 205 204 203 203 205 204 203 200 202 204 204 202
 201 204 205 205 205 205 204 204 205 204 204 205 205 202 202 202
 200 203 203 202 202 203 205 204 204 205 203 204 204 204 203 200
 194 202 202 201 198 200 202 202 204 203 191 192 194 200 201 200

 254 254 254 254 254 252 252 253 254 252 253 253 254 254 253 254
 253 250 251 253 253 231 247 252 253 251 252 254 253 254 254 252
 254 252 252 252 194 160 184 250 254 254 246 237 254 254 254 253
 254 252 251 253  98  87  96 131 168 200 181 176 254 253 253 248
 254 253 253 252 124  93  85  87  79  75  81 174 253 252 253 246
 254 252 251 252 250 168 161 183 151 123  95 189 254 252 253 245
 253 251 252 252 237 199 216 254 248 244 231 241 253 253 252 252
 253 253 253 252 136  94 206 211 169 217 241 254 254 254 252 252
 254 252 253 252 122  93 205 155  84  94 113 218 253 253 253 252
 253 251 252 252 126 177 227 148  90  86  80 173 254 254 255 253
 252 251 250 252 124 227 254 144 190 224 147 157 254 254 254 252
 253 252 251 253 114 101 116 105 215 247 178 155 254 254 254 252
 254 253 253 251 145  93  82  87 216 178  96 154 255 254 253 254
 253 253 252 251 234 170 143 130 228 165  88 154 254 255 254 254
 253 252 251 252 251 254 248 252 253 218 187 218 254 254 253 252
 254 253 254 254 254 254 254 254 254 254 254 254 254 254 253 251
 242 245 247 245 246 241 243 244 244 242 242 242 244 244 242 244
 249 247 247 247 245 216 231 244 244 244 244 244 245 246 245 245
 247 248 247 246 177 134 159 236 242 243 234 221 245 246 244 242
 246 247 247 247  76  66  74 108 147 180 160 149 246 246 244 237
 246 246 247 247 103  69  64  65  61  60  63 149 246 245 245 237
 246 247 247 245 236 143 135 160 127 105  76 166 245 244 245 237
 247 245 247 246 221 172 194 239 233 230 215 227 244 245 245 245
 248 247 247 245 112  72 187 191 144 197 223 244 245 245 246 244
 248 247 246 246  93  67 183 133  62  68  85 198 245 245 245 243
 248 249 246 246  93 146 207 126  67  67  63 155 244 245 245 245
 248 249 247 247  98 207 241 124 163 206 122 134 245 245 245 245
 246 250 248 247  88  75  92  83 193 227 153 132 245 245 247 244
 246 249 250 247 116  64  64  65 194 154  71 137 246 244 246 245
 247 248 249 249 218 143 126 111 211 148  63 135 245 245 246 246
 247 247 248 248 248 245 237 242 245 204 164 198 244 245 245 244
 242 243 243 245 242 243 244 244 242 242 242 239 240 242 239 234
 197 203 204 201 201 198 199 197 201 200 199 199 202 202 200 200
 208 206 206 204 203 177 193 201 204 205 204 205 204 202 203 201
 206 207 207 204 149 104 128 196 202 202 196 185 204 202 204 200
 204 205 206 206  55  44  57  83 119 147 130 116 202 205 204 194
 202 204 205 204  67  42  43  43  39  39  41 116 200 205 204 192
 205 206 205 204 192 106  99 118  90  68  45 133 203 204 203 191
 207 206 203 201 182 136 151 195 191 181 173 187 204 204 205 203
 208 205 205 201  80  48 150 158 119 163 189 203 205 205 204 204
 207 204 206 206  63  39 146 101  43  49  64 163 203 204 204 202
 206 205 205 203  64 109 168  92  46  40  40 121 203 204 205 202
 208 205 204 204  69 166 204  90 125 160  85 104 204 205 203 200
 206 205 205 206  58  51  64  55 157 189 121 103 205 205 202 198
 206 208 207 202  75  40  41  44 157 124  52 107 204 205 202 201
 207 208 206 202 169 106  87  79 170 110  36 100 206 205 203 202
 207 207 206 205 204 205 192 198 198 152 119 153 205 204 203 202
 204 205 204 204 201 205 201 198 197 198 199 199 201 201 200 194

 254 252 253 248 246 245 252 252 252 253 252 252 254 254 252 251
 253 254 254 253 253 253 252 252 253 255 254 254 253 254 253 253
 254 254 254 253 252 252 253 254 253 254 254 254 254 255 254 254
 254 253 254 254 253 254 253 254 253 254 254 254 255 254 254 254
 253 254 237 176 174 189 241 254 218 173 157 155 154 154 218 254
 253 252 246 181  81  95 231 241 113  80 147 178  96  88 187 254
 252 251 254 200  75 123 244 217  94  86 224 247 178 165 218 254
 254 253 254 168  79 151 248 169  84  90 190 215 216 228 253 254
 253 252 250 131  87 183 254 211 155 148 144 105  87 130 252 254
 252 247 184  96  85 161 216 206 205 227 254 116  82 143 248 254
 252 231 160  87  93 168 199  94  93 177 227 101  93 170 254 254
 254 253 194  98 124 250 237 136 122 126 124 114 145 234 251 254
 254 253 252 253 252 252 252 252 252 252 252 253 251 251 252 254
 254 251 252 251 253 251 252 253 253 252 250 251 253 252 251 254
 254 250 252 252 253 252 251 253 252 251 251 252 253 253 252 253
 254 253 254 254 254 254 253 253 254 253 252 253 254 253 253 254
 244 245 242 237 237 237 245 244 243 245 245 244 245 246 244 234
 242 245 244 244 245 245 245 246 245 245 245 247 246 246 245 239
 244 246 246 246 245 244 245 245 245 245 245 245 244 245 245 242
 244 245 245 246 246 245 244 245 245 244 245 245 246 245 244 240
 242 244 221 149 149 166 227 244 198 155 134 132 137 135 198 239
 242 244 234 160  63  76 215 223  85  63 122 153  71  63 164 242
 242 244 243 180  60 105 230 197  68  67 206 227 154 148 204 242
 244 244 242 147  61 127 233 144  62  67 163 193 194 211 245 242
 244 244 236 108  65 160 239 191 133 126 124  83  65 111 242 244
 243 231 159  74  64 135 194 187 183 207 241  92  64 126 237 244
 241 216 134  66  69 143 172  72  67 146 207  75  64 143 245 243
 246 245 177  76 103 236 221 112  93  93  98  88 116 218 248 242
 245 247 246 247 247 245 246 245 246 246 247 247 247 249 248 245
 247 247 247 247 247 247 247 247 246 246 247 248 250 249 248 243
 245 247 248 247 246 247 245 247 247 249 249 250 249 248 247 243
 242 249 247 246 246 246 247 248 248 248 248 246 246 247 247 242
 200 201 200 194 192 191 203 204 202 202 200 198 201 202 202 194
 200 203 204 204 204 203 205 204 204 205 203 202 202 203 203 200
 202 202 202 205 205 204 204 205 204 204 205 205 205 205 204 201
 202 204 204 202 200 203 204 205 203 203 204 205 204 206 205 201
 199 205 185 116 116 133 187 203 163 121 104 103 107 100 153 199
 199 204 196 130  41  45 173 189  64  40  85 121  52  36 119 199
 200 205 202 147  39  68 181 163  49  40 160 189 124 110 152 198
 201 204 202 119  39  90 191 119  43  46 125 157 157 170 198 197
 197 201 196  83  43 118 195 158 101  92  90  55  44  79 198 198
 199 193 128  57  43  99 151 150 146 168 204  64  41  87 192 201
 198 177 104  44  42 106 136  48  39 109 166  51  40 106 205 205
 201 203 149  55  67 192 182  80  63  64  69  58  75 169 204 201
 201 204 204 206 204 204 201 201 206 203 204 206 202 202 205 204
 204 206 207 206 205 205 203 205 206 205 204 205 207 206 206 204
 203 206 207 205 204 206 206 205 204 205 205 205 208 208 207 205
 197 208 206 204 202 205 207 208 207 206 208 206 206 207 207 204

 251 253 254 254 254 254 254 254 254 254 254 254 254 254 253 254
 252 253 254 254 218 187 218 253 252 248 254 251 252 251 252 253
 254 254 255 254 154  88 165 228 130 143 170 234 251 252 253 253
 254 253 254 255 154  96 178 216  87  82  93 145 251 253 253 254
 252 254 254 254 155 178 247 215 105 116 101 114 253 251 252 253
 252 254 254 254 157 147 224 190 144 254 227 124 252 250 251 252
 253 255 254 254 173  80  86  90 148 227 177 126 252 252 251 253
 252 253 253 253 218 113  94  84 155 205  93 122 252 253 252 254
 252 252 254 254 254 241 217 169 211 206  94 136 252 253 253 253
 252 252 253 253 241 231 244 248 254 216 199 237 252 252 251 253
 245 253 252 254 189  95 123 151 183 161 168 250 252 251 252 254
 246 253 252 253 174  81  75  79  87  85  93 124 252 253 253 254
 248 253 253 254 176 181 200 168 131  96  87  98 253 251 252 254
 253 254 254 254 237 246 254 254 250 184 160 194 252 252 252 254
 252 254 254 253 254 252 251 253 252 247 231 253 253 251 250 253
 254 253 254 254 253 253 252 254 253 252 252 254 254 254 254 254
 234 239 242 240 239 242 242 242 244 244 243 242 245 243 243 242
 244 245 245 244 198 164 204 245 242 237 245 248 248 248 247 247
 246 246 245 245 135  63 148 211 111 126 143 218 249 249 248 247
 245 246 244 246 137  71 154 194  65  64  64 116 247 250 249 246
 244 247 245 245 132 153 227 193  83  92  75  88 247 248 250 246
 245 245 245 245 134 122 206 163 124 241 207  98 247 247 249 248
 245 245 245 244 155  63  67  67 126 207 146  93 246 246 249 248
 243 245 245 245 198  85  68  62 133 183  67  93 246 246 247 248
 244 246 245 245 244 223 197 144 191 187  72 112 245 247 247 248
 245 245 245 244 227 215 230 233 239 194 172 221 246 247 245 247
 237 245 244 245 166  76 105 127 160 135 143 236 245 247 247 246
 237 245 245 246 149  63  60  61  65  64  69 103 247 247 246 246
 237 244 246 246 149 160 180 147 108  74  66  76 247 247 247 246
 242 244 246 245 221 234 243 242 236 159 134 177 246 247 248 247
 245 245 246 245 244 244 244 244 244 231 216 245 247 247 247 249
 244 242 244 244 242 242 242 244 244 243 241 246 245 247 245 242
 194 200 201 201 199 199 198 197 198 201 205 201 204 204 205 204
 202 203 204 205 153 119 152 198 198 192 205 204 205 206 207 207
 202 203 205 206 100  36 110 170  79  87 106 169 202 206 208 207
 201 202 205 204 107  52 124 157  44  41  40  75 202 207 208 206
 198 202 205 205 103 121 189 157  55  64  51  58 206 205 205 206
 200 203 205 204 104  85 160 125  90 204 166  69 204 204 205 208
 202 205 204 203 121  40  40  46  92 168 109  64 203 205 205 206
 202 204 204 203 163  64  49  43 101 146  39  63 206 206 204 207
 204 204 205 205 203 189 163 119 158 150  48  80 201 205 205 208
 203 205 204 204 187 173 181 191 195 151 136 182 201 203 206 207
 191 203 204 203 133  45  68  90 118  99 106 192 204 205 206 205
 192 204 205 200 116  41  39  39  43  43  42  67 204 205 204 202
 194 204 205 202 116 130 147 119  83  57  44  55 206 206 205 204
 200 204 202 204 185 196 202 202 196 128 104 149 204 207 207 206
 201 203 202 204 205 204 205 204 201 193 177 203 204 206 206 208
 200 200 202 202 199 199 200 201 197 199 198 201 201 204 203 197

