 168 197 199 201 197 195 199 198 195 191 185 188 193 191 183 175
 178 203 202 206 204 199 200 201 201 201 199 198 205 203 199 192
 179 200 200 203 184 159 167 168 168 167 168 170 200 205 202 197
 179 200 198 198 119  41  41  40  37  38  39  59 195 205 205 194
 181 199 195 198 142  86  86  86  70  47  40  62 192 205 202 193
 177 197 197 199 196 193 198 193 117  44  45 150 200 203 202 193
 175 198 197 200 197 199 194 135  46  38 125 193 197 200 200 190
 176 201 196 197 198 197 155  55  35 110 196 202 198 197 199 193
 175 199 198 199 198 174  69  39  80 185 199 198 199 202 199 186
 175 192 191 196 185  88  39  60 168 195 193 193 194 199 202 187
 173 190 193 187 105  42  53 155 189 188 192 193 197 199 197 190
 171 193 194 177  47  34  54  98  96  95 100  99 172 196 197 189
 166 196 190 174  49  46  45  44  46  43  41  41 154 204 201 194
 163 191 191 191 174 175 163 166 171 170 172 183 199 204 203 192
 177 197 193 195 196 194 193 195 198 199 200 199 200 201 202 194
 147 165 161 159 161 167 171 163 161 164 168 168 169 171 172 162
 148 168 169 171 173 174 171 173 172 171 165 165 167 167 164 156
 153 173 172 176 175 175 176 176 175 175 176 176 177 178 176 169
 154 174 175 174 159 141 145 143 145 145 144 148 174 178 180 173
 155 175 175 174 102  29  28  30  29  30  30  47 171 178 177 173
 156 172 174 175 121  70  70  76  61  31  26  52 168 176 176 171
 154 173 172 171 170 171 171 170  98  30  35 132 177 178 174 168
 154 173 173 174 173 174 172 116  35  28 107 170 175 174 173 167
 152 173 173 172 171 172 134  45  28  92 168 173 175 173 169 166
 153 170 170 171 172 148  49  26  65 162 172 173 172 170 171 163
 152 168 167 167 158  68  26  47 148 165 169 172 171 171 170 165
 152 167 168 164  87  28  39 134 166 165 168 167 170 169 170 163
 150 166 169 152  34  26  43  80  79  80  82  80 146 168 170 167
 149 164 165 152  36  29  25  28  31  29  30  29 131 173 174 168
 147 165 166 160 145 144 142 141 146 149 149 152 167 173 176 168
 150 165 165 166 168 170 170 169 169 170 171 173 174 174 176 168
 125 139 141 140 139 142 146 146 147 145 144 144 146 148 147 140
 134 148 147 148 152 152 150 149 147 145 144 143 144 142 142 137
 138 152 151 155 154 155 154 154 154 151 150 151 153 153 152 148
 138 153 154 154 137 121 127 126 126 125 125 128 150 153 152 146
 137 155 156 154  90  28  21  23  27  27  25  39 150 154 154 148
 141 153 151 153 106  63  63  66  54  29  21  45 149 153 155 150
 138 154 155 152 150 149 148 145  79  22  31 121 149 152 151 148
 138 153 152 153 152 151 149 100  26  23  97 148 149 149 150 147
 138 150 151 152 152 151 115  35  21  82 150 152 150 148 146 144
 136 149 152 151 151 131  44  22  57 142 151 151 151 149 145 141
 136 150 147 150 139  57  20  40 135 146 146 149 150 151 149 143
 135 147 147 142  74  24  32 119 148 145 145 144 146 148 149 143
 133 147 150 134  28  21  37  70  71  72  71  70 128 147 147 144
 131 144 146 134  29  23  22  23  24  26  25  26 114 149 151 149
 130 146 147 142 127 125 127 127 127 125 126 129 147 153 154 147
 133 146 145 144 147 150 149 148 149 148 149 148 151 151 152 147
 110 122 122 124 125 125 129 128 129 130 127 127 129 130 128 124

 175 192 197 194 193 193 190 193 186 187 190 189 194 192 194 162
 183 199 202 205 202 202 200 199 199 202 197 197 201 203 202 172
 191 203 205 205 205 203 200 197 202 199 199 196 204 204 201 171
 193 205 200 195 192 200 197 198 199 194 197 172 154 199 200 169
 188 198 170  59  62 150 193 202 198 193 193  99  41 183 199 168
 185 199 168  39  40  45 125 196 199 193 192 100  41 172 200 168
 191 201 167  38  47  44  38 110 185 195 188  95  43 170 199 164
 195 201 168  37  70 117  46  35  80 168 189  96  46 171 198 161
 198 201 168  40  86 193 135  55  39  60 155  98  44 166 195 163
 199 200 167  41  86 198 194 155  69  39  53  54  45 163 193 171
 195 199 159  41  86 193 199 197 174  88  42  34  46 175 194 167
 197 204 184 119 142 196 197 198 198 185 105  47  49 174 196 161
 201 206 203 198 198 199 200 197 199 196 187 177 174 191 195 159
 199 202 200 198 195 197 197 196 198 191 193 194 190 191 193 161
 197 203 200 200 199 197 198 201 199 192 190 193 196 191 197 165
 168 178 179 179 181 177 175 176 175 175 173 171 166 163 177 147
 156 169 173 173 171 168 167 166 163 165 163 167 168 168 168 140
 164 176 180 177 176 174 173 169 171 170 170 170 174 176 176 147
 167 178 178 178 176 178 174 173 170 171 169 168 173 173 174 148
 167 177 174 171 168 177 175 175 172 171 170 146 131 167 174 146
 165 176 148  47  52 132 170 173 173 172 167  80  29 152 173 144
 165 176 144  30  26  35 107 168 172 169 168  82  30 149 171 144
 171 175 145  30  31  30  28  92 162 165 165  80  29 149 170 145
 172 175 145  29  61  98  35  28  65 148 166  79  31 146 169 147
 173 176 143  30  76 170 116  45  26  47 134  80  28 141 169 146
 171 176 145  28  70 171 172 134  49  26  39  43  25 142 170 146
 174 175 141  29  70 171 174 172 148  68  28  26  29 144 170 142
 173 175 159 102 121 170 173 171 172 158  87  34  36 145 168 139
 171 176 174 174 175 171 174 172 171 167 164 152 152 160 166 140
 169 172 175 175 174 172 173 173 170 167 168 169 165 166 165 141
 168 173 174 175 172 173 173 173 170 168 167 166 164 165 165 139
 148 153 154 155 156 154 154 152 153 152 152 150 149 147 150 125
 137 148 146 148 150 148 147 144 141 143 143 144 149 147 147 124
 142 152 152 154 155 151 150 146 145 149 149 147 151 154 152 128
 142 153 153 154 153 152 149 148 149 151 148 147 149 153 151 130
 144 153 150 150 149 149 149 150 151 150 146 128 114 147 151 129
 143 151 128  39  45 121 148 152 151 149 144  70  26 129 148 127
 144 150 125  25  21  31  97 150 151 146 145  71  25 126 149 127
 145 151 125  27  29  22  23  82 142 146 145  72  26 125 148 130
 147 154 126  27  54  79  26  21  57 135 148  71  24 127 149 129
 149 154 126  23  66 145 100  35  22  40 119  70  23 127 148 128
 150 154 127  21  63 148 149 115  44  20  32  37  22 127 149 129
 152 155 121  28  63 149 151 151 131  57  24  21  23 125 150 125
 152 154 137  90 106 150 152 152 151 139  74  28  29 127 147 125
 148 155 154 154 153 152 153 152 151 150 142 134 134 142 144 124
 147 151 154 156 151 155 152 151 152 147 147 150 146 147 145 122
 148 152 153 155 153 154 153 150 149 150 147 147 144 146 146 122
 134 138 138 137 141 138 138 138 136 136 135 133 131 130 133 110

 162 172 171 169 168 168 164 161 163 171 167 161 159 161 165 147
 194 202 201 200 199 200 199 198 195 193 194 196 195 193 197 177
 192 203 204 199 183 172 170 171 166 163 175 174 191 191 191 163
 194 201 204 154  41  41  43  46  44  45  46  49 174 190 196 166
 189 197 196 172  99 100  95  96  98  54  34  47 177 194 193 171
 190 197 199 197 193 192 188 189 155  53  42 105 187 193 190 173
 187 202 199 194 193 193 195 168  60  39  88 185 196 191 192 175
 186 199 202 199 198 199 185  80  39  69 174 198 199 198 199 175
 193 199 197 198 202 196 110  35  55 155 197 198 197 196 201 176
 190 200 200 197 193 125  38  46 135 194 199 197 200 197 198 175
 193 202 203 200 150  45  44 117 193 198 193 196 199 197 197 177
 193 202 205 192  62  40  47  70  86  86  86 142 198 195 199 181
 194 205 205 195  59  39  38  37  40  41  41 119 198 198 200 179
 197 202 205 200 170 168 167 168 168 167 159 184 203 200 200 179
 192 199 203 205 198 199 201 201 201 200 199 204 206 202 203 178
 175 183 191 193 188 185 191 195 198 199 195 197 201 199 197 168
 140 147 148 146 144 144 145 147 146 146 142 139 140 141 139 125
 168 176 174 174 173 171 170 169 169 170 170 168 166 165 165 150
 168 176 173 167 152 149 149 146 141 142 144 145 160 166 165 147
 168 174 173 131  29  30  29  31  28  25  29  36 152 165 164 149
 167 170 168 146  80  82  80  79  80  43  26  34 152 169 166 150
 163 170 169 170 167 168 165 166 134  39  28  87 164 168 167 152
 165 170 171 171 172 169 165 148  47  26  68 158 167 167 168 152
 163 171 170 172 173 172 162  65  26  49 148 172 171 170 170 153
 166 169 173 175 173 168  92  28  45 134 172 171 172 173 173 152
 167 173 174 175 170 107  28  35 116 172 174 173 174 173 173 154
 168 174 178 177 132  35  30  98 170 171 171 170 171 172 173 154
 171 176 176 168  52  26  31  61  76  70  70 121 175 174 172 156
 173 177 178 171  47  30  30  29  30  28  29 102 174 175 175 155
 173 180 178 174 148 144 145 145 143 145 141 159 174 175 174 154
 169 176 178 177 176 176 175 175 176 176 175 175 176 172 173 153
 156 164 167 167 165 165 171 172 173 171 174 173 171 169 168 148
 124 128 130 129 127 127 130 129 128 129 125 125 124 122 122 110
 147 152 151 151 148 149 148 149 148 149 150 147 144 145 146 133
 147 154 153 147 129 126 125 127 127 127 125 127 142 147 146 130
 149 151 149 114  26  25  26  24  23  22  23  29 134 146 144 131
 144 147 147 128  70  71  72  71  70  37  21  28 134 150 147 133
 143 149 148 146 144 145 145 148 119  32  24  74 142 147 147 135
 143 149 151 150 149 146 146 135  40  20  57 139 150 147 150 136
 141 145 149 151 151 151 142  57  22  44 131 151 151 152 149 136
 144 146 148 150 152 150  82  21  35 115 151 152 152 151 150 138
 147 150 149 149 148  97  23  26 100 149 151 152 153 152 153 138
 148 151 152 149 121  31  22  79 145 148 149 150 152 155 154 138
 150 155 153 149  45  21  29  54  66  63  63 106 153 151 153 141
 148 154 154 150  39  25  27  27  23  21  28  90 154 156 155 137
 146 152 153 150 128 125 125 126 126 127 121 137 154 154 153 138
 148 152 153 153 151 150 151 154 154 154 155 154 155 151 152 138
 137 142 142 144 143 144 145 147 149 150 152 152 148 147 148 134

 147 177 163 166 171 173 175 175 176 175 177 181 179 179 178 168
 165 197 191 196 193 190 192 199 201 198 197 199 200 200 203 197
 161 193 191 190 194 193 191 198 196 197 197 195 198 200 202 199
 159 195 191 174 177 187 196 199 197 200 199 198 198 203 206 201
 161 196 174  49  47 105 185 198 198 197 196 142 119 184 204 197
 167 194 175  46  34  42  88 174 197 199 193  86  41 159 199 195
 171 193 163  45  54  53  39  69 155 194 198  86  41 167 200 199
 163 195 166  44  98 155  60  39  55 135 193  86  40 168 201 198
 161 198 171  46  96 189 168  80  35  46 117  70  37 168 201 195
 164 199 170  43  95 188 195 185 110  38  44  47  38 167 201 191
 168 200 172  41 100 192 193 199 196 125  45  40  39 168 199 185
 168 199 183  41  99 193 193 198 202 193 150  62  59 170 198 188
 169 200 199 154 172 197 194 199 198 197 200 192 195 200 205 193
 171 201 204 204 196 199 199 202 197 200 203 205 205 205 203 191
 172 202 203 201 197 197 202 199 199 200 202 202 205 202 199 183
 162 194 192 194 189 190 187 186 193 190 193 193 194 197 192 175
 125 150 147 149 150 152 152 153 152 154 154 156 155 154 153 148
 139 165 165 164 166 167 168 170 173 173 173 172 175 174 173 168
 141 165 166 165 169 168 167 170 173 173 172 174 175 175 172 169
 140 166 160 152 152 164 167 171 172 174 171 175 174 174 176 171
 139 168 145  36  34  87 158 172 171 173 170 121 102 159 175 173
 142 170 144  29  26  28  68 148 172 174 171  70  29 141 175 174
 146 170 142  25  43  39  26  49 134 172 171  70  28 145 176 171
 146 169 141  28  80 134  47  26  45 116 170  76  30 143 176 173
 147 169 146  31  79 166 148  65  28  35  98  61  29 145 175 172
 145 170 149  29  80 165 165 162  92  28  30  31  30 145 175 171
 144 171 149  30  82 168 169 172 168 107  35  26  30 144 176 165
 144 173 152  29  80 167 172 173 173 170 132  52  47 148 176 165
 146 174 167 131 146 170 171 172 175 175 177 168 171 174 177 167
 148 174 173 173 168 169 171 170 173 174 178 176 178 178 178 167
 147 176 176 174 170 170 170 171 169 173 174 176 177 180 176 164
 140 168 168 168 167 163 165 163 166 167 168 171 173 173 169 156
 110 133 130 131 133 135 136 136 138 138 138 141 137 138 138 134
 122 146 146 144 147 147 150 149 150 153 154 153 155 153 152 148
 122 145 147 146 150 147 147 152 151 152 155 151 156 154 151 147
 124 144 142 134 134 142 150 151 152 153 152 153 154 154 155 148
 125 147 127  29  28  74 139 151 152 152 150 106  90 137 154 152
 125 150 125  23  21  24  57 131 151 151 149  63  28 121 155 152
 129 149 127  22  37  32  20  44 115 149 148  63  21 127 154 150
 128 148 127  23  70 119  40  22  35 100 145  66  23 126 154 149
 129 149 127  24  71 148 135  57  21  26  79  54  27 126 154 147
 130 148 125  26  72 145 146 142  82  23  22  29  27 125 151 145
 127 149 126  25  71 145 146 151 150  97  31  21  25 125 150 144
 127 148 129  26  70 144 149 151 152 148 121  45  39 128 151 143
 129 151 147 114 128 146 150 151 150 149 149 149 150 150 153 144
 130 151 153 149 147 148 151 149 148 149 152 153 154 153 153 142
 128 152 154 151 147 149 149 145 146 150 151 155 154 152 152 142
 124 147 147 149 144 143 143 141 144 147 148 150 148 146 148 137

