 253 253 251 251 251 248 248 247 246 244 253 251 250 250 251 251
 253 253 252 251 252 251 252 253 252 251 251 252 251 250 250 251
 254 254 253 251 252 253 253 253 252 252 252 251 251 252 250 251
 253 252 253 252 252 252 252 252 252 252 251 251 251 251 250 251
 253 253 241 177 169 238 239 174 171 236 252 251 250 251 251 251
 254 253 187 100 100 241 210  93  98 230 251 246 247 246 248 252
 253 252 164  97 119 251 167  96 124 248 162 110 137 145 188 251
 251 247 137  90 153 253 138  93 147 222  99  94 238 253 251 250
 252 240 110  86 189 238 122  85 174 197  83 111 247 252 251 248
 252 212 104 101 221 227 104  92 213 169  90 154 252 251 250 251
 252 183  91 100 224 182  96 103 231 131  90 183 253 250 253 249
 252 199 117 115 125 120 113 167 234 142 117 212 251 251 252 250
 252 254 253 252 252 253 252 252 252 250 250 251 251 251 251 248
 249 254 253 253 253 252 252 250 251 251 251 251 250 251 252 246
 250 253 253 252 251 251 252 251 251 251 251 251 251 251 252 248
 249 251 251 252 252 252 253 253 251 250 251 249 251 252 252 246
 238 242 241 243 242 238 236 236 235 233 243 241 242 241 241 234
 243 248 248 247 246 247 246 246 245 244 245 246 245 243 242 237
 246 249 248 247 248 248 246 245 245 245 245 246 244 243 242 236
 245 248 247 247 246 247 247 245 245 246 246 244 243 243 242 235
 243 247 227 154 147 228 226 152 151 225 245 244 244 244 243 236
 244 245 162  69  74 226 186  71  78 217 239 233 232 230 235 239
 242 244 132  65  94 237 145  68 100 226 131  83 115 126 170 233
 243 235 108  65 131 236 108  65 126 197  74  72 218 238 240 235
 239 224  81  66 174 220  93  64 150 169  63  91 232 241 242 236
 242 189  76  75 204 205  78  70 189 138  68 133 241 243 242 237
 240 159  71  76 204 155  69  79 206 103  68 162 243 243 241 236
 239 170  88  90  99  92  83 142 211 119  98 198 244 244 243 236
 241 247 243 242 242 242 241 244 244 241 240 242 244 245 243 234
 238 247 245 246 246 245 245 245 245 246 245 244 243 244 243 234
 238 247 247 247 246 246 246 244 245 245 246 245 245 244 242 235
 232 241 242 243 241 242 243 242 242 241 243 241 241 241 239 228
 197 198 197 198 197 196 192 190 189 188 197 195 196 193 193 190
 201 202 200 201 202 203 200 198 200 200 198 196 197 197 198 191
 198 198 201 200 199 197 200 201 198 199 198 196 198 198 197 187
 198 198 200 201 200 199 198 198 196 196 197 198 198 198 196 189
 199 200 174 104 102 177 176 110 111 177 198 198 196 195 193 189
 198 199 122  44  48 180 138  45  52 172 192 183 182 181 187 191
 195 193  97  46  67 189 102  41  70 177  94  57  85  92 129 190
 193 182  71  43 101 188  73  43  94 155  46  47 177 190 192 189
 195 171  50  45 136 169  59  44 117 128  40  66 188 194 193 188
 193 142  44  46 159 155  45  44 148  98  42 102 195 195 194 192
 192 116  47  51 162 114  45  53 162  67  42 125 197 197 198 193
 196 128  60  64  72  65  59 108 165  81  69 160 198 196 196 189
 195 197 198 198 196 193 191 194 194 189 192 197 196 194 193 187
 192 200 202 202 199 197 197 195 196 195 196 199 199 197 192 185
 192 198 196 196 195 194 195 196 196 196 195 195 196 196 194 189
 183 187 188 190 187 188 190 190 190 189 191 189 191 190 187 181

 251 251 251 251 251 252 251 250 248 251 249 250 248 246 248 246
 251 250 250 250 251 248 188 251 251 250 253 252 251 252 252 252
 250 250 252 251 251 246 145 253 252 251 250 251 251 251 251 252
 250 251 251 251 250 247 137 238 247 252 253 251 251 250 251 251
 251 252 251 251 251 246 110  94 111 154 183 212 251 251 251 249
 253 251 252 251 252 251 162  99  83  90  90 117 250 251 251 251
 244 251 252 252 236 230 248 222 197 169 131 142 250 251 251 250
 246 252 252 252 171  98 124 147 174 213 231 234 252 251 251 251
 247 253 253 252 174  93  96  93  85  92 103 167 252 250 251 253
 248 252 253 252 239 210 167 138 122 104  96 113 252 252 252 253
 248 251 253 252 238 241 251 253 238 227 182 120 253 252 251 252
 251 252 252 252 169 100 119 153 189 221 224 125 252 253 251 252
 251 251 251 252 177 100  97  90  86 101 100 115 252 253 252 252
 251 252 253 253 241 187 164 137 110 104  91 117 253 253 253 251
 253 253 254 252 253 253 252 247 240 212 183 199 254 254 253 251
 253 253 254 253 253 254 253 251 252 252 252 252 252 249 250 249
 234 237 236 235 236 239 233 235 236 237 236 236 234 234 235 228
 241 242 242 242 243 235 170 240 242 242 241 243 243 243 242 239
 241 243 243 243 244 230 126 238 241 243 243 244 245 244 244 241
 242 245 244 243 244 232 115 218 232 241 243 244 244 243 245 241
 241 246 246 244 244 233  83  72  91 133 162 198 242 244 245 241
 243 245 245 246 245 239 131  74  63  68  68  98 240 245 246 243
 233 244 245 246 225 217 226 197 169 138 103 119 241 246 245 241
 235 245 245 245 151  78 100 126 150 189 206 211 244 245 245 242
 236 246 245 245 152  71  68  65  64  70  79 142 244 245 244 242
 236 246 246 247 226 186 145 108  93  78  69  83 241 245 246 243
 238 247 248 247 228 226 237 236 220 205 155  92 242 245 246 242
 242 246 248 246 147  74  94 131 174 204 204  99 242 246 246 241
 243 247 247 247 154  69  65  65  66  75  76  90 242 246 247 243
 241 248 248 247 227 162 132 108  81  76  71  88 243 245 247 242
 242 248 249 248 247 245 244 235 224 189 159 170 247 247 247 241
 238 243 246 245 243 244 242 243 239 242 240 239 241 238 238 232
 190 191 187 189 189 191 190 189 188 192 193 189 187 185 189 181
 193 198 197 196 193 187 129 192 193 194 198 196 193 192 194 187
 193 197 198 198 195 181  92 190 194 195 197 196 194 197 196 190
 196 197 198 198 196 182  85 177 188 195 197 198 196 199 196 191
 195 196 196 198 198 183  57  47  66 102 125 160 197 199 195 189
 197 198 198 197 198 192  94  46  40  42  42  69 192 196 195 191
 188 200 199 196 177 172 177 155 128  98  67  81 189 195 196 189
 189 200 198 196 111  52  70  94 117 148 162 165 194 196 196 190
 190 198 201 198 110  45  41  43  44  44  53 108 194 195 196 190
 192 200 200 198 176 138 102  73  59  45  45  59 191 197 195 190
 196 203 197 199 177 180 189 188 169 155 114  65 193 197 194 188
 197 202 199 200 102  48  67 101 136 159 162  72 196 199 195 187
 198 201 200 201 104  44  46  43  45  46  51  64 198 202 196 190
 197 200 201 200 174 122  97  71  50  44  47  60 198 202 196 188
 198 202 198 198 200 199 193 182 171 142 116 128 197 200 198 187
 197 201 198 198 199 198 195 193 195 193 192 196 195 192 192 183

 246 252 252 251 249 251 250 251 253 253 252 252 252 251 251 249
 248 252 251 251 251 251 251 251 251 252 251 251 252 253 253 250
 246 252 251 250 251 251 251 251 250 252 252 253 253 253 254 249
 248 251 251 251 251 250 250 252 252 252 253 252 252 253 254 252
 250 252 251 251 212 117 142 234 167 113 120 125 115 117 199 252
 249 253 250 253 183  90 131 231 103  96 182 224 100  91 183 252
 251 250 251 252 154  90 169 213  92 104 227 221 101 104 212 252
 248 251 252 247 111  83 197 174  85 122 238 189  86 110 240 252
 250 251 253 238  94  99 222 147  93 138 253 153  90 137 247 251
 251 188 145 137 110 162 248 124  96 167 251 119  97 164 252 253
 252 248 246 247 246 251 230  98  93 210 241 100 100 187 253 254
 251 251 251 250 251 252 236 171 174 239 238 169 177 241 253 253
 251 250 251 251 251 251 252 252 252 252 252 252 252 253 252 253
 251 250 252 251 251 252 252 252 253 253 253 252 251 253 254 254
 251 250 250 251 252 251 251 252 253 252 251 252 251 252 253 253
 251 251 250 250 251 253 244 246 247 248 248 251 251 251 253 253
 228 239 241 241 241 243 241 242 242 243 242 241 243 242 241 232
 235 242 244 245 245 246 245 245 244 246 246 246 247 247 247 238
 234 243 244 243 244 245 246 245 245 245 245 246 246 245 247 238
 234 243 245 244 242 240 241 244 244 241 242 242 242 243 247 241
 236 243 244 244 198  98 119 211 142  83  92  99  90  88 170 239
 236 241 243 243 162  68 103 206  79  69 155 204  76  71 159 240
 237 242 243 241 133  68 138 189  70  78 205 204  75  76 189 242
 236 242 241 232  91  63 169 150  64  93 220 174  66  81 224 239
 235 240 238 218  72  74 197 126  65 108 236 131  65 108 235 243
 233 170 126 115  83 131 226 100  68 145 237  94  65 132 244 242
 239 235 230 232 233 239 217  78  71 186 226  74  69 162 245 244
 236 243 244 244 244 245 225 151 152 226 228 147 154 227 247 243
 235 242 243 243 244 246 246 245 245 247 247 246 247 247 248 245
 236 242 243 244 246 245 245 245 245 246 248 248 247 248 249 246
 237 242 243 245 246 245 244 245 246 246 247 246 247 248 248 243
 234 241 241 242 241 243 233 235 236 236 238 242 243 241 242 238
 181 187 190 191 189 191 189 190 190 190 188 187 190 188 187 183
 189 194 196 196 195 195 196 196 196 195 194 195 196 196 198 192
 185 192 197 199 199 196 195 196 195 197 197 199 202 202 200 192
 187 193 194 196 197 192 189 194 194 191 193 196 198 198 197 195
 189 196 196 198 160  69  81 165 108  59  65  72  64  60 128 196
 193 198 197 197 125  42  67 162  53  45 114 162  51  47 116 192
 192 194 195 195 102  42  98 148  44  45 155 159  46  44 142 193
 188 193 194 188  66  40 128 117  44  59 169 136  45  50 171 195
 189 192 190 177  47  46 155  94  43  73 188 101  43  71 182 193
 190 129  92  85  57  94 177  70  41 102 189  67  46  97 193 195
 191 187 181 182 183 192 172  52  45 138 180  48  44 122 199 198
 189 193 195 196 198 198 177 111 110 176 177 102 104 174 200 199
 189 196 198 198 198 197 196 196 198 198 199 200 201 200 198 198
 187 197 198 198 196 198 199 198 201 200 197 199 200 201 198 198
 191 198 197 197 196 198 200 200 198 200 203 202 201 200 202 201
 190 193 193 196 195 197 188 189 190 192 196 197 198 197 198 197

 249 250 249 252 252 252 252 252 251 253 254 253 253 254 253 253
 251 253 254 254 199 183 212 240 247 252 253 253 252 254 253 253
 251 253 253 253 117  91 104 110 137 164 187 241 253 253 252 251
 252 252 253 252 115 100 101  86  90  97 100 177 252 251 251 251
 252 251 253 252 125 224 221 189 153 119 100 169 252 252 252 251
 252 251 252 253 120 182 227 238 253 251 241 238 252 253 251 248
 253 252 252 252 113  96 104 122 138 167 210 239 252 253 252 248
 253 251 250 252 167 103  92  85  93  96  93 174 252 253 253 247
 251 251 251 252 234 231 213 174 147 124  98 171 252 252 252 246
 250 251 251 250 142 131 169 197 222 248 230 236 252 252 251 244
 251 251 251 250 117  90  90  83  99 162 251 252 251 252 251 253
 249 251 251 251 212 183 154 111  94 110 246 251 251 251 252 251
 251 251 250 251 251 253 252 247 238 137 247 250 251 251 251 250
 252 251 251 251 251 250 251 252 253 145 246 251 251 252 250 250
 252 252 252 251 252 253 250 251 251 188 248 251 250 250 250 251
 246 248 246 248 250 249 251 248 250 251 252 251 251 251 251 251
 232 238 238 241 239 240 242 239 243 242 244 243 245 246 243 238
 241 247 247 247 170 159 189 224 235 244 245 247 248 249 248 242
 242 247 245 243  88  71  76  81 108 132 162 227 247 248 248 241
 243 247 246 242  90  76  75  66  65  65  69 154 247 247 247 243
 241 246 246 242  99 204 204 174 131  94  74 147 246 248 246 242
 242 246 245 242  92 155 205 220 236 237 226 228 247 248 247 238
 243 246 245 241  83  69  78  93 108 145 186 226 247 246 246 236
 242 244 245 244 142  79  70  64  65  68  71 152 245 245 246 236
 242 245 245 244 211 206 189 150 126 100  78 151 245 245 245 235
 241 245 246 241 119 103 138 169 197 226 217 225 246 245 244 233
 243 246 245 240  98  68  68  63  74 131 239 245 246 245 245 243
 241 245 244 242 198 162 133  91  72  83 233 244 244 246 246 241
 241 245 243 244 244 243 241 232 218 115 232 244 243 244 245 242
 241 244 244 245 244 243 243 241 238 126 230 244 243 243 243 241
 239 242 243 243 243 241 242 242 240 170 235 243 242 242 242 241
 228 235 234 234 236 236 237 236 235 233 239 236 235 236 237 234
 183 192 192 195 196 192 193 195 193 195 198 199 198 198 201 197
 187 198 200 197 128 116 142 171 182 193 199 200 198 198 202 198
 188 196 202 198  60  47  44  50  71  97 122 174 200 201 200 197
 190 196 202 198  64  51  46  45  43  46  44 104 201 200 201 198
 187 195 199 196  72 162 159 136 101  67  48 102 200 199 202 197
 188 194 197 193  65 114 155 169 188 189 180 177 199 197 203 196
 190 195 197 191  59  45  45  59  73 102 138 176 198 200 200 192
 190 196 195 194 108  53  44  44  43  41  45 110 198 201 198 190
 190 196 196 194 165 162 148 117  94  70  52 111 196 198 200 189
 189 196 195 189  81  67  98 128 155 177 172 177 196 199 200 188
 191 195 196 192  69  42  42  40  46  94 192 198 197 198 198 197
 189 195 199 197 160 125 102  66  47  57 183 198 198 196 196 195
 191 196 199 196 198 197 195 188 177  85 182 196 198 198 197 196
 190 196 197 194 196 197 195 194 190  92 181 195 198 198 197 193
 187 194 192 193 196 198 194 193 192 129 187 193 196 197 198 193
 181 189 185 187 189 193 192 188 189 190 191 189 189 187 191 190

