 243 253 253 254 254 254 253 253 253 253 254 254 253 253 253 252
 252 252 252 253 252 252 252 252 252 252 253 253 252 253 252 254
 253 253 253 253 253 252 252 251 252 253 252 252 252 253 251 253
 253 252 252 252 251 251 252 250 252 251 251 252 251 252 251 253
 252 252 198 158 193 252 252 203 160 178 252 252 252 252 252 253
 250 246 121  81 113 251 233 104  86 119 251 237 228 229 229 250
 248 233  93  74  98 248 166  80  77 150 199  98  87 107 127 238
 248 195  77  70  82 203 107  77  76 189 144  81 148 252 252 254
 246 162 112  76  76  95 110  72  83 221 121  74 187 251 252 251
 237 145 173  81  73 111 144  77  95 231  91  75 222 252 250 252
 226 121 217 126  89 214 126  81 138 212  81  77 248 253 251 252
 213 153 250 166 162 248 135 115 180 214 119 118 148 161 251 251
 251 253 252 252 252 253 253 252 252 253 253 252 252 252 252 253
 248 253 253 252 252 251 251 252 251 251 252 251 251 252 252 253
 251 251 251 251 251 251 251 252 252 251 251 251 251 252 252 251
 244 250 250 251 251 251 252 251 251 253 252 252 250 250 252 249
 224 241 243 242 243 243 243 242 242 242 242 242 241 243 241 232
 238 242 241 242 243 241 241 241 241 241 242 241 241 242 242 239
 239 242 242 242 242 242 242 241 241 242 242 241 242 243 241 239
 239 241 242 241 240 240 241 242 242 242 242 241 241 241 241 240
 239 239 176 132 166 238 241 179 131 155 238 241 241 241 242 240
 235 227  92  58  87 238 213  75  58  99 236 222 212 214 212 234
 232 209  70  56  74 225 141  58  58 130 176  74  64  80  99 218
 231 177  60  52  60 176  79  59  58 165 118  57 131 236 238 238
 230 138  89  58  57  70  85  54  64 194  96  54 167 237 238 237
 215 116 146  59  54  92 120  57  77 205  67  57 204 239 240 239
 203  91 188  97  67 188 103  61 118 185  61  60 227 235 240 239
 185 124 231 145 140 221 108  92 154 187  96  95 116 131 231 235
 234 236 239 239 238 237 237 236 235 239 240 237 237 238 238 238
 231 237 239 239 238 238 239 239 239 239 240 238 238 240 240 238
 232 238 238 238 239 239 239 239 239 238 238 237 237 239 239 236
 225 236 237 237 239 239 240 238 237 237 237 237 237 237 237 231
 200 211 211 211 211 210 208 210 210 211 212 211 209 211 209 203
 209 208 208 208 208 207 207 207 207 207 207 208 208 205 206 202
 212 209 206 206 206 205 205 206 207 208 207 205 205 204 206 203
 213 207 205 207 206 205 205 205 207 207 206 205 206 206 206 202
 208 197 142 109 143 203 202 149 110 129 204 207 206 206 204 202
 204 186  62  40  67 201 179  56  45  76 201 186 176 176 177 196
 202 172  47  41  56 189 110  38  41 106 143  49  43  60  74 185
 196 140  40  39  45 146  55  38  39 143  93  45 112 209 207 202
 196 105  68  38  37  51  67  40  48 170  74  43 146 205 206 203
 184  83 119  40  40  71  93  36  56 176  41  40 178 203 202 201
 172  60 154  70  52 164  71  41  97 154  39  43 196 199 202 201
 158  98 194 111 116 195  82  73 136 159  72  76  91 101 195 202
 200 200 201 200 200 202 203 203 204 203 203 203 205 203 203 203
 200 199 202 202 202 202 201 201 204 205 202 202 203 202 203 200
 203 199 202 204 203 204 204 202 203 202 202 204 204 203 203 200
 200 200 202 203 201 200 202 200 203 201 200 200 200 200 203 196

 252 254 253 253 253 250 238 254 251 252 252 251 253 253 251 249
 253 252 251 251 252 229 127 252 252 250 251 251 252 252 252 252
 253 253 253 252 252 229 107 252 251 252 253 161 252 252 252 250
 253 252 252 251 252 228  87 148 187 222 248 148 252 251 251 250
 254 253 252 252 252 237  98  81  74  75  77 118 252 251 251 252
 254 253 252 251 252 251 199 144 121  91  81 119 253 252 251 252
 253 252 253 251 178 119 150 189 221 231 212 214 253 251 251 253
 253 252 252 252 160  86  77  76  83  95 138 180 252 251 252 251
 253 252 251 250 203 104  80  77  72  77  81 115 252 252 252 251
 253 252 252 252 252 233 166 107 110 144 126 135 253 251 251 252
 254 252 252 251 252 251 248 203  95 111 214 248 253 251 251 251
 254 252 253 251 193 113  98  82  76  73  89 162 252 252 251 251
 254 253 253 252 158  81  74  70  76  81 126 166 252 252 251 251
 253 252 253 252 198 121  93  77 112 173 217 250 252 253 251 250
 253 252 253 252 252 246 233 195 162 145 121 153 253 253 251 250
 243 252 253 253 252 250 248 248 246 237 226 213 251 248 251 244
 232 239 239 240 240 234 218 238 237 239 239 235 238 238 236 231
 241 242 241 241 242 212  99 238 238 240 240 231 238 240 239 237
 243 242 243 241 241 214  80 236 237 239 235 131 238 240 239 237
 241 241 242 241 241 212  64 131 167 204 227 116 237 238 237 237
 242 241 241 241 241 222  74  57  54  57  60  95 237 238 237 237
 242 242 242 242 238 236 176 118  96  67  61  96 240 240 238 237
 242 241 242 242 155  99 130 165 194 205 185 187 239 239 238 237
 242 241 241 242 131  58  58  58  64  77 118 154 235 239 239 237
 242 241 241 242 179  75  58  59  54  57  61  92 236 239 239 238
 243 241 242 241 241 213 141  79  85 120 103 108 237 239 239 240
 243 241 242 240 238 238 225 176  70  92 188 221 237 238 239 239
 243 243 242 240 166  87  74  60  57  54  67 140 238 238 239 239
 242 242 242 241 132  58  56  52  58  59  97 145 239 239 238 237
 243 241 242 242 176  92  70  60  89 146 188 231 239 239 238 237
 241 242 242 241 239 227 209 177 138 116  91 124 236 237 238 236
 224 238 239 239 239 235 232 231 230 215 203 185 234 231 232 225
 203 202 203 202 202 196 185 202 203 201 201 202 203 200 200 196
 209 206 206 206 204 177  74 207 206 202 202 195 203 203 203 203
 211 205 204 206 206 176  60 209 205 203 199 101 203 202 203 200
 209 208 205 206 206 176  43 112 146 178 196  91 205 203 204 200
 211 208 205 205 207 186  49  45  43  40  43  76 203 202 204 200
 212 207 207 206 204 201 143  93  74  41  39  72 203 202 202 200
 211 207 208 207 129  76 106 143 170 176 154 159 203 205 202 201
 210 207 207 207 110  45  41  39  48  56  97 136 204 204 203 203
 210 207 206 205 149  56  38  38  40  36  41  73 203 201 202 200
 208 207 205 205 202 179 110  55  67  93  71  82 203 201 204 202
 210 207 205 205 203 201 189 146  51  71 164 195 202 202 204 200
 211 208 206 206 143  67  56  45  37  40  52 116 200 202 203 201
 211 208 206 207 109  40  41  39  38  40  70 111 200 202 204 203
 211 208 206 205 142  62  47  40  68 119 154 194 201 202 202 202
 211 208 209 207 197 186 172 140 105  83  60  98 200 199 199 200
 200 209 212 213 208 204 202 196 196 184 172 158 200 200 203 200

 249 252 250 250 252 252 253 251 251 252 251 251 251 250 250 244
 251 252 252 251 251 251 251 252 252 251 251 251 251 251 251 251
 253 252 252 251 251 252 251 251 252 251 251 252 252 253 253 248
 253 252 252 252 252 253 253 252 252 253 253 252 252 252 253 251
 251 251 161 148 118 119 214 180 115 135 248 162 166 250 153 213
 252 251 253 248  77  81 212 138  81 126 214  89 126 217 121 226
 252 250 252 222  75  91 231  95  77 144 111  73  81 173 145 237
 251 252 251 187  74 121 221  83  72 110  95  76  76 112 162 246
 254 252 252 148  81 144 189  76  77 107 203  82  70  77 195 248
 238 127 107  87  98 199 150  77  80 166 248  98  74  93 233 248
 250 229 229 228 237 251 119  86 104 233 251 113  81 121 246 250
 253 252 252 252 252 252 178 160 203 252 252 193 158 198 252 252
 253 251 252 251 252 251 251 252 250 252 251 251 252 252 252 253
 253 251 253 252 252 252 253 252 251 252 252 253 253 253 253 253
 254 252 253 252 253 253 252 252 252 252 252 252 253 252 252 252
 252 253 253 253 254 254 253 253 253 253 254 254 254 253 253 243
 231 237 237 237 237 237 237 237 238 240 239 239 237 237 236 225
 236 239 239 237 237 238 238 239 239 239 239 239 238 238 238 232
 238 240 240 238 238 240 239 239 239 239 238 238 239 239 237 231
 238 238 238 237 237 240 239 235 236 237 237 238 239 239 236 234
 235 231 131 116  95  96 187 154  92 108 221 140 145 231 124 185
 239 240 235 227  60  61 185 118  61 103 188  67  97 188  91 203
 239 240 239 204  57  67 205  77  57 120  92  54  59 146 116 215
 237 238 237 167  54  96 194  64  54  85  70  57  58  89 138 230
 238 238 236 131  57 118 165  58  59  79 176  60  52  60 177 231
 218  99  80  64  74 176 130  58  58 141 225  74  56  70 209 232
 234 212 214 212 222 236  99  58  75 213 238  87  58  92 227 235
 240 242 241 241 241 238 155 131 179 241 238 166 132 176 239 239
 240 241 241 241 241 242 242 242 242 241 240 240 241 242 241 239
 239 241 243 242 241 242 242 241 241 242 242 242 242 242 242 239
 239 242 242 241 241 242 241 241 241 241 241 243 242 241 242 238
 232 241 243 241 242 242 242 242 242 243 243 243 242 243 241 224
 196 203 200 200 200 200 201 203 200 202 200 201 203 202 200 200
 200 203 203 204 204 202 202 203 202 204 204 203 204 202 199 203
 200 203 202 203 202 202 205 204 201 201 202 202 202 202 199 200
 203 203 203 205 203 203 203 204 203 203 202 200 200 201 200 200
 202 195 101  91  76  72 159 136  73  82 195 116 111 194  98 158
 201 202 199 196  43  39 154  97  41  71 164  52  70 154  60 172
 201 202 203 178  40  41 176  56  36  93  71  40  40 119  83 184
 203 206 205 146  43  74 170  48  40  67  51  37  38  68 105 196
 202 207 209 112  45  93 143  39  38  55 146  45  39  40 140 196
 185  74  60  43  49 143 106  41  38 110 189  56  41  47 172 202
 196 177 176 176 186 201  76  45  56 179 201  67  40  62 186 204
 202 204 206 206 207 204 129 110 149 202 203 143 109 142 197 208
 202 206 206 206 205 206 207 207 205 205 205 206 207 205 207 213
 203 206 204 205 205 207 208 207 206 205 205 206 206 206 209 212
 202 206 205 208 208 207 207 207 207 207 207 208 208 208 208 209
 203 209 211 209 211 212 211 210 210 208 210 211 211 211 211 200

 244 251 248 251 213 226 237 246 248 248 250 252 253 253 252 243
 250 251 253 253 153 121 145 162 195 233 246 252 252 253 252 253
 250 251 253 252 250 217 173 112  77  93 121 198 252 253 252 253
 251 251 252 252 166 126  81  76  70  74  81 158 252 253 253 254
 251 251 252 252 162  89  73  76  82  98 113 193 251 253 252 254
 251 251 251 253 248 214 111  95 203 248 251 252 251 252 252 254
 252 251 251 253 135 126 144 110 107 166 233 252 252 252 252 253
 251 252 252 252 115  81  77  72  77  80 104 203 250 251 252 253
 251 252 251 252 180 138  95  83  76  77  86 160 252 252 252 253
 253 251 251 253 214 212 231 221 189 150 119 178 251 253 252 253
 252 251 252 253 119  81  91 121 144 199 251 252 251 252 253 254
 252 251 251 252 118  77  75  74  81  98 237 252 252 252 253 254
 250 251 251 252 148 248 222 187 148  87 228 252 251 252 252 253
 250 252 252 252 161 253 252 251 252 107 229 252 252 253 253 253
 252 252 252 252 251 251 250 252 252 127 229 252 251 251 252 253
 249 251 253 253 251 252 252 251 254 238 250 253 253 253 254 252
 225 232 231 234 185 203 215 230 231 232 235 239 239 239 238 224
 236 238 237 236 124  91 116 138 177 209 227 239 241 242 242 241
 237 238 239 239 231 188 146  89  60  70  92 176 242 242 241 243
 237 238 239 239 145  97  59  58  52  56  58 132 241 242 242 242
 239 239 238 238 140  67  54  57  60  74  87 166 240 242 243 243
 239 239 238 237 221 188  92  70 176 225 238 238 240 242 241 243
 240 239 239 237 108 103 120  85  79 141 213 241 241 242 241 243
 238 239 239 236  92  61  57  54  59  58  75 179 242 241 241 242
 237 239 239 235 154 118  77  64  58  58  58 131 242 241 241 242
 237 238 239 239 187 185 205 194 165 130  99 155 242 242 241 242
 237 238 240 240  96  61  67  96 118 176 236 238 242 242 242 242
 237 237 238 237  95  60  57  54  57  74 222 241 241 241 241 242
 237 237 238 237 116 227 204 167 131  64 212 241 241 242 241 241
 237 239 240 238 131 235 239 237 236  80 214 241 241 243 242 243
 237 239 240 238 231 240 240 238 238  99 212 242 241 241 242 241
 231 236 238 238 235 239 239 237 238 218 234 240 240 239 239 232
 200 203 200 200 158 172 184 196 196 202 204 208 213 212 209 200
 200 199 199 200  98  60  83 105 140 172 186 197 207 209 208 211
 202 202 202 201 194 154 119  68  40  47  62 142 205 206 208 211
 203 204 202 200 111  70  40  38  39  41  40 109 207 206 208 211
 201 203 202 200 116  52  40  37  45  56  67 143 206 206 208 211
 200 204 202 202 195 164  71  51 146 189 201 203 205 205 207 210
 202 204 201 203  82  71  93  67  55 110 179 202 205 205 207 208
 200 202 201 203  73  41  36  40  38  38  56 149 205 206 207 210
 203 203 204 204 136  97  56  48  39  41  45 110 207 207 207 210
 201 202 205 203 159 154 176 170 143 106  76 129 207 208 207 211
 200 202 202 203  72  39  41  74  93 143 201 204 206 207 207 212
 200 204 202 203  76  43  40  43  45  49 186 207 205 205 208 211
 200 204 203 205  91 196 178 146 112  43 176 206 206 205 208 209
 200 203 202 203 101 199 203 205 209  60 176 206 206 204 205 211
 203 203 203 203 195 202 202 206 207  74 177 204 206 206 206 209
 196 200 200 203 202 201 201 203 202 185 196 202 202 203 202 203

