 240 242 242 238 244 247 245 243 243 244 243 241 242 243 244 240
 241 247 249 248 248 248 248 247 246 247 247 246 245 246 247 246
 242 248 249 249 248 247 247 247 249 247 247 246 245 246 246 245
 245 248 248 249 248 248 248 248 249 246 246 246 246 247 247 242
 247 247 246 246 247 247 246 247 248 246 247 249 247 246 246 241
 247 215 149 147 150 147 206 247 249 246 245 245 242 164 157 229
 239 130  74 181 155  79 146 215 181 173 175 214 233  98  94 229
 228 101  72 209 206 193 217 109  70 168  77  88 183  73  97 230
 228 113  90  98  93 135 217  85  79 208  70 108 167  70 146 224
 229 208 224 209  76  86 175  69 133 191  65 117 146  69 191 230
 157  81 130 169  68 107 144  65 143 141  67 159 103  74 223 236
 195 146 143 139 134 213 192 122 137 141 154 220 140 133 240 243
 245 248 248 247 247 247 247 245 244 245 244 245 241 240 241 238
 246 249 248 245 247 247 247 247 246 244 245 244 241 241 242 235
 247 249 246 246 244 246 247 244 243 242 244 242 241 242 240 236
 242 248 247 247 245 246 247 244 242 244 244 242 242 239 241 239
 226 230 230 227 232 237 234 233 230 231 231 230 233 233 232 227
 227 235 236 236 235 235 236 236 236 237 236 236 235 235 234 229
 228 237 236 236 236 236 236 236 235 235 234 234 234 236 234 230
 231 235 236 236 236 235 235 235 235 235 235 235 235 235 234 228
 232 235 235 235 236 236 235 235 235 235 235 234 233 232 232 225
 232 197 130 127 129 127 196 237 237 235 233 233 223 142 136 210
 221 108  63 167 133  64 134 195 163 157 161 198 214  82  78 214
 211  85  62 198 186 173 197  87  60 153  61  70 163  62  86 216
 212  99  83  90  79 115 197  71  72 195  58  90 145  58 135 213
 211 185 208 193  66  74 160  59 120 177  58 102 128  56 178 219
 141  65 112 150  57  96 133  54 127 122  58 142  85  57 204 226
 177 130 129 126 119 194 175 109 126 127 139 204 127 121 223 226
 231 234 234 232 232 232 232 232 230 229 228 229 229 230 229 225
 230 234 235 234 233 232 232 231 230 229 229 229 229 229 227 221
 230 233 233 233 231 232 232 229 229 229 230 228 226 227 226 221
 227 232 233 232 231 230 231 229 228 227 226 226 225 222 225 222
 207 211 211 210 212 214 214 217 217 214 211 211 213 214 215 211
 210 216 215 215 215 216 216 217 216 215 216 215 217 216 215 214
 209 212 214 215 215 214 214 215 216 215 216 216 216 215 214 213
 211 214 214 214 215 217 215 216 215 215 214 214 214 213 213 209
 214 212 212 212 213 213 214 217 216 215 215 215 214 212 211 206
 213 174 113 108 109 109 177 215 214 213 214 215 205 125 117 193
 200  93  54 151 119  55 121 175 144 141 143 178 197  74  72 198
 190  70  50 178 169 160 181  75  49 140  53  61 148  51  75 201
 195  86  72  77  67 101 179  60  60 177  46  77 129  48 124 197
 192 163 187 175  55  62 144  48 108 159  45  87 113  45 160 202
 125  52  96 134  48  84 120  47 113 103  48 127  73  48 184 209
 164 117 116 114 106 179 160 100 113 112 126 185 109 101 203 210
 214 212 210 209 210 212 212 211 210 208 207 207 206 208 209 208
 208 211 211 211 210 209 209 209 210 208 208 207 207 208 208 206
 210 211 210 211 209 207 209 208 209 208 209 207 206 207 206 204
 206 207 208 210 207 208 207 206 205 205 204 203 203 201 204 203

 240 246 245 242 241 229 229 230 224 230 236 243 238 235 236 239
 244 247 246 247 246 157  94  97 146 191 223 240 241 242 240 241
 243 246 246 247 246 164  98  73  70  69  74 133 240 241 242 239
 242 245 245 246 247 242 233 183 167 146 103 140 241 241 241 242
 241 246 246 246 249 245 214  88 108 117 159 220 245 244 242 242
 243 247 247 246 247 245 175  77  70  65  67 154 244 245 244 244
 244 247 247 246 246 246 173 168 208 191 141 141 245 244 242 244
 243 246 249 249 248 249 181  70  79 133 143 137 244 246 243 242
 243 247 247 248 247 247 215 109  85  69  65 122 245 247 244 244
 245 248 247 248 246 206 146 217 217 175 144 192 247 247 247 247
 247 248 247 248 247 147  79 193 135  86 107 213 247 247 246 246
 244 248 248 248 247 150 155 206  93  76  68 134 247 247 244 245
 238 248 249 249 246 147 181 209  98 209 169 139 247 245 246 247
 242 249 249 248 246 149  74  72  90 224 130 143 248 248 246 247
 242 247 248 248 247 215 130 101 113 208  81 146 248 249 249 248
 240 241 242 245 247 247 239 228 228 229 157 195 245 246 247 242
 227 229 230 228 225 210 214 216 213 219 226 226 225 221 221 222
 232 234 234 234 232 136  78  86 135 178 204 223 229 227 226 225
 233 235 236 235 232 142  82  62  58  56  57 121 230 229 227 222
 233 235 234 235 233 223 214 163 145 128  85 127 229 229 226 225
 230 236 234 235 234 233 198  70  90 102 142 204 229 229 228 226
 231 236 234 235 235 233 161  61  58  58  58 139 228 229 230 226
 231 237 235 235 235 235 157 153 195 177 122 127 229 229 229 227
 230 236 235 235 235 237 163  60  72 120 127 126 230 230 229 228
 233 236 236 235 235 237 195  87  71  59  54 109 232 231 229 229
 234 236 236 235 235 196 134 197 197 160 133 175 232 232 232 231
 237 235 236 235 236 127  64 173 115  74  96 194 232 232 232 230
 232 235 236 236 236 129 133 186  79  66  57 119 232 233 231 231
 227 236 236 236 235 127 167 198  90 193 150 126 232 234 233 232
 230 236 236 236 235 130  63  62  83 208 112 129 234 235 233 233
 230 235 237 235 235 197 108  85  99 185  65 130 234 234 233 232
 226 227 228 231 232 232 221 211 212 211 141 177 231 230 230 227
 211 214 213 209 206 193 198 201 197 202 209 210 208 206 204 203
 215 215 214 213 211 117  72  75 124 160 184 203 209 208 206 204
 214 216 215 213 212 125  74  51  48  45  48 101 208 208 207 201
 213 217 216 214 214 205 197 148 129 113  73 109 206 207 206 203
 211 215 216 214 215 215 178  61  77  87 127 185 207 207 207 203
 211 216 216 214 215 214 143  53  46  45  48 126 207 208 209 204
 214 215 215 215 215 213 141 140 177 159 103 112 208 208 208 205
 217 216 216 215 216 214 144  49  60 108 113 113 210 210 209 205
 217 217 215 216 217 215 175  75  60  48  47 100 211 209 208 206
 214 216 214 215 214 177 121 181 179 144 120 160 212 209 209 207
 214 216 214 217 213 109  55 160 101  62  84 179 212 209 207 208
 212 215 215 215 213 109 119 169  67  55  48 106 210 210 209 207
 210 215 215 214 212 108 151 178  77 175 134 114 209 211 211 210
 211 215 214 214 212 113  54  50  72 187  96 116 210 211 210 208
 211 216 212 214 212 174  93  70  86 163  52 117 212 211 211 207
 207 210 209 211 214 213 200 190 195 192 125 164 214 208 210 206

 239 241 239 242 242 244 244 242 244 247 246 245 247 247 248 242
 236 240 242 241 242 244 242 243 244 247 246 244 246 246 249 247
 235 242 241 241 244 245 244 246 247 247 247 247 245 248 249 246
 238 241 240 241 245 244 245 244 245 247 247 247 247 248 248 245
 243 240 133 140 220 154 141 137 122 192 213 134 139 143 146 195
 236 223  74 103 159  67 141 143  65 144 107  68 169 130  81 157
 230 191  69 146 117  65 191 133  69 175  86  76 209 224 208 229
 224 146  70 167 108  70 208  79  85 217 135  93  98  90 113 228
 230  97  73 183  88  77 168  70 109 217 193 206 209  72 101 228
 229  94  98 233 214 175 173 181 215 146  79 155 181  74 130 239
 229 157 164 242 245 245 246 249 247 206 147 150 147 149 215 247
 241 246 246 247 249 247 246 248 247 246 247 247 246 246 247 247
 242 247 247 246 246 246 246 249 248 248 248 248 249 248 248 245
 245 246 246 245 246 247 247 249 247 247 247 248 249 249 248 242
 246 247 246 245 246 247 247 246 247 248 248 248 248 249 247 241
 240 244 243 242 241 243 244 243 243 245 247 244 238 242 242 240
 222 225 222 225 226 226 227 228 229 231 230 231 232 233 232 227
 221 226 227 226 228 230 229 229 229 232 232 231 233 233 233 230
 221 227 229 229 229 229 229 230 231 232 232 233 234 235 234 230
 225 229 230 229 229 228 229 230 232 232 232 232 232 234 234 231
 226 223 121 127 204 139 127 126 109 175 194 119 126 129 130 177
 226 204  57  85 142  58 122 127  54 133  96  57 150 112  65 141
 219 178  56 128 102  58 177 120  59 160  74  66 193 208 185 211
 213 135  58 145  90  58 195  72  71 197 115  79  90  83  99 212
 216  86  62 163  70  61 153  60  87 197 173 186 198  62  85 211
 214  78  82 214 198 161 157 163 195 134  64 133 167  63 108 221
 210 136 142 223 233 233 235 237 237 196 127 129 127 130 197 232
 225 232 232 233 234 235 235 235 235 235 236 236 235 235 235 232
 228 234 235 235 235 235 235 235 235 235 235 236 236 236 235 231
 230 234 236 234 234 234 235 235 236 236 236 236 236 236 237 228
 229 234 235 235 236 236 237 236 236 236 235 235 236 236 235 227
 227 232 233 233 230 231 231 230 233 234 237 232 227 230 230 226
 203 204 201 203 203 204 205 205 206 207 208 207 210 208 207 206
 204 206 207 206 207 209 208 209 208 209 207 209 211 210 211 210
 206 208 208 207 207 208 208 210 209 209 209 210 211 211 211 208
 208 209 208 206 207 207 208 210 211 212 212 210 209 210 212 214
 210 203 101 109 185 126 112 113 100 160 179 106 114 116 117 164
 209 184  48  73 127  48 103 113  47 120  84  48 134  96  52 125
 202 160  45 113  87  45 159 108  48 144  62  55 175 187 163 192
 197 124  48 129  77  46 177  60  60 179 101  67  77  72  86 195
 201  75  51 148  61  53 140  49  75 181 160 169 178  50  70 190
 198  72  74 197 178 143 141 144 175 121  55 119 151  54  93 200
 193 117 125 205 215 214 213 214 215 177 109 109 108 113 174 213
 206 211 212 214 215 215 215 216 217 214 213 213 212 212 212 214
 209 213 213 214 214 214 215 215 216 215 217 215 214 214 214 211
 213 214 215 216 216 216 215 216 215 214 214 215 215 214 212 209
 214 215 216 217 215 216 215 216 217 216 216 215 215 215 216 210
 211 215 214 213 211 211 214 217 217 214 214 212 210 211 211 207

 242 247 246 245 195 157 229 228 228 239 247 247 245 242 241 240
 248 249 249 248 146  81 208 113 101 130 215 247 248 248 247 242
 247 246 248 248 143 130 224  90  72  74 149 246 248 249 249 242
 247 246 245 247 139 169 209  98 209 181 147 246 249 249 248 238
 245 244 247 247 134  68  76  93 206 155 150 247 248 248 248 244
 246 246 247 247 213 107  86 135 193  79 147 247 248 247 248 247
 247 247 247 247 192 144 175 217 217 146 206 246 248 247 248 245
 244 244 247 245 122  65  69  85 109 215 247 247 248 247 247 243
 242 243 246 244 137 143 133  79  70 181 249 248 249 249 246 243
 244 242 244 245 141 141 191 208 168 173 246 246 246 247 247 244
 244 244 245 244 154  67  65  70  77 175 245 247 246 247 247 243
 242 242 244 245 220 159 117 108  88 214 245 249 246 246 246 241
 242 241 241 241 140 103 146 167 183 233 242 247 246 245 245 242
 239 242 241 240 133  74  69  70  73  98 164 246 247 246 246 243
 241 240 242 241 240 223 191 146  97  94 157 246 247 246 247 244
 239 236 235 238 243 236 230 224 230 229 229 241 242 245 246 240
 227 230 230 231 177 141 211 212 211 221 232 232 231 228 227 226
 232 233 234 234 130  65 185  99  85 108 197 235 235 237 235 230
 233 233 235 234 129 112 208  83  62  63 130 235 236 236 236 230
 232 233 234 232 126 150 193  90 198 167 127 235 236 236 236 227
 231 231 233 232 119  57  66  79 186 133 129 236 236 236 235 232
 230 232 232 232 194  96  74 115 173  64 127 236 235 236 235 237
 231 232 232 232 175 133 160 197 197 134 196 235 235 236 236 234
 229 229 231 232 109  54  59  71  87 195 237 235 235 236 236 233
 228 229 230 230 126 127 120  72  60 163 237 235 235 235 236 230
 227 229 229 229 127 122 177 195 153 157 235 235 235 235 237 231
 226 230 229 228 139  58  58  58  61 161 233 235 235 234 236 231
 226 228 229 229 204 142 102  90  70 198 233 234 235 234 236 230
 225 226 229 229 127  85 128 145 163 214 223 233 235 234 235 233
 222 227 229 230 121  57  56  58  62  82 142 232 235 236 235 233
 225 226 227 229 223 204 178 135  86  78 136 232 234 234 234 232
 222 221 221 225 226 226 219 213 216 214 210 225 228 230 229 227
 206 210 208 214 164 125 192 195 190 200 213 214 211 209 210 207
 207 211 211 212 117  52 163  86  70  93 174 212 214 212 216 211
 208 210 211 210 116  96 187  72  50  54 113 212 214 214 215 211
 210 211 211 209 114 134 175  77 178 151 108 212 214 215 215 210
 207 209 210 210 106  48  55  67 169 119 109 213 215 215 215 212
 208 207 209 212 179  84  62 101 160  55 109 213 217 214 216 214
 207 209 209 212 160 120 144 179 181 121 177 214 215 214 216 214
 206 208 209 211 100  47  48  60  75 175 215 217 216 215 217 217
 205 209 210 210 113 113 108  60  49 144 214 216 215 216 216 217
 205 208 208 208 112 103 159 177 140 141 213 215 215 215 215 214
 204 209 208 207 126  48  45  46  53 143 214 215 214 216 216 211
 203 207 207 207 185 127  87  77  61 178 215 215 214 216 215 211
 203 206 207 206 109  73 113 129 148 197 205 214 214 216 217 213
 201 207 208 208 101  48  45  48  51  74 125 212 213 215 216 214
 204 206 208 209 203 184 160 124  75  72 117 211 213 214 215 215
 203 204 206 208 210 209 202 197 201 198 193 206 209 213 214 211

