 200 205 205 199 197 198 194 191 194 197 192 192 195 198 196 189
 199 204 206 205 207 202 206 204 205 204 201 198 199 199 197 191
 192 202 205 206 204 204 204 202 205 203 199 200 201 200 199 195
 192 203 206 204 203 204 205 203 201 201 201 200 200 197 196 190
 199 205 176  98  79  90 164 202 201 153  95  86 105 183 196 193
 197 197  44  54 102  49  31 184 168  32  77  93  39  66 196 193
 193 179  24 112 194 168 102 175 134  28 149 196 141 102 191 194
 190 194  69  20  32  73 156 203 185  52  28  47  92 172 201 195
 191 195 190 140  88  41  31 160 201 183 124  78  33  41 182 192
 190 156  65 169 200 180  32 113 127  78 191 197 149  28 150 192
 192 174  33  56 120  84  23 144 143  32  83 120  62  36 177 191
 183 194 154  75  61  67 129 195 193 131  70  62  70 155 196 189
 186 195 194 193 191 195 191 194 193 193 194 195 194 192 193 191
 188 193 195 196 195 192 195 196 194 194 193 193 193 188 187 189
 187 192 192 193 195 193 189 191 193 193 192 192 189 188 189 185
 189 191 190 191 192 188 187 189 187 188 182 184 182 184 186 181
 184 189 187 185 182 184 180 179 179 184 181 180 180 181 178 172
 183 188 190 191 191 190 189 188 188 188 185 184 180 181 181 176
 175 187 191 190 190 190 189 188 188 187 185 185 183 182 180 177
 175 187 191 189 187 187 189 187 187 187 184 185 185 181 180 175
 184 189 160  85  66  80 150 186 186 139  81  74  90 166 181 179
 180 182  35  45  88  44  26 169 157  25  64  80  31  51 180 178
 177 162  16  97 179 156  93 159 123  19 132 179 129  86 171 177
 175 180  62  15  24  63 138 185 171  42  18  34  77 154 182 178
 176 180 173 126  75  32  18 139 183 171 112  67  25  28 163 176
 179 141  53 156 182 165  20  97 112  63 174 182 133  17 135 176
 175 157  24  47 107  72  15 128 130  17  68 108  50  24 161 176
 168 177 137  64  46  53 113 176 178 118  59  47  59 139 175 173
 171 177 179 179 177 177 175 176 178 179 178 176 176 177 174 173
 172 178 176 178 178 177 175 175 176 175 176 176 175 173 173 169
 170 176 175 177 177 176 175 175 173 173 173 172 173 172 172 169
 169 175 172 175 173 171 171 172 172 171 168 168 166 169 168 166
 162 165 164 159 156 159 159 156 157 162 158 157 158 158 157 152
 161 163 163 165 169 167 166 164 166 162 159 157 157 157 155 153
 156 165 167 164 164 165 164 165 164 164 161 163 160 159 156 155
 156 165 166 163 163 164 165 164 162 162 159 159 157 157 155 151
 161 165 137  69  54  64 128 164 163 120  68  62  77 143 155 153
 159 157  27  39  75  36  20 145 133  19  56  73  26  41 154 154
 153 141  14  85 156 136  81 137 105  15 110 152 111  73 149 154
 156 157  54  11  20  54 116 158 147  37  17  26  65 132 157 155
 154 155 150 109  66  27  15 120 158 146  97  56  20  20 139 153
 158 122  44 135 158 145  14  82  98  50 149 155 114  12 111 154
 159 139  19  39  91  61  13 112 111  13  55  90  41  17 137 152
 149 155 120  52  40  46  99 153 154 100  50  40  49 119 151 150
 151 154 153 153 153 154 152 153 152 154 153 153 150 151 149 149
 150 153 154 155 155 154 152 151 152 154 152 152 152 150 147 144
 149 152 152 153 154 152 150 151 149 151 151 149 149 150 149 144
 149 151 149 150 149 146 148 148 144 148 146 146 145 147 145 143

 189 191 195 190 193 193 194 195 192 192 191 189 191 189 185 181
 196 197 199 196 196 196 191 201 182 150 177 196 193 187 189 186
 198 199 200 197 183  66 102 172  41  28  36 155 192 188 188 184
 195 199 201 200 105  39 141  92  33 149  62  70 194 193 189 182
 192 198 200 200  86  93 196  47  78 197 120  62 195 193 192 184
 192 201 199 201  95  77 149  28 124 191  83  70 194 193 192 182
 197 204 203 201 153  32  28  52 183  78  32 131 193 194 193 188
 194 205 205 201 201 168 134 185 201 127 143 193 193 194 193 187
 191 204 202 203 202 184 175 203 160 113 144 195 194 196 191 189
 194 206 204 205 164  31 102 156  31  32  23 129 191 195 189 187
 198 202 204 204  90  49 168  73  41 180  84  67 195 192 193 188
 197 207 204 203  79 102 194  32  88 200 120  61 191 195 195 192
 199 205 206 204  98  54 112  20 140 169  56  75 193 196 193 191
 205 206 205 206 176  44  24  69 190  65  33 154 194 195 192 190
 205 204 202 203 205 197 179 194 195 156 174 194 195 193 192 191
 200 199 192 192 199 197 193 190 191 190 192 183 186 188 187 189
 172 176 177 175 179 178 177 178 176 176 176 173 173 169 169 166
 178 181 180 180 181 180 171 182 163 135 161 175 174 173 172 168
 181 181 182 181 166  51  86 154  28  17  24 139 177 173 172 169
 180 180 183 185  90  31 129  77  25 133  50  59 176 175 173 166
 180 184 185 185  74  80 179  34  67 182 108  47 176 176 172 168
 181 185 185 184  81  64 132  18 112 174  68  59 178 176 173 168
 184 188 187 187 139  25  19  42 171  63  17 118 179 175 173 171
 179 188 188 187 186 157 123 171 183 112 130 178 178 176 173 172
 179 188 188 187 186 169 159 185 139  97 128 176 176 175 175 172
 180 189 189 189 150  26  93 138  18  20  15 113 175 175 175 171
 184 190 190 187  80  44 156  63  32 165  72  53 177 177 176 171
 182 191 190 187  66  88 179  24  75 182 107  46 177 178 177 173
 185 191 190 189  85  45  97  15 126 156  47  64 179 178 177 175
 187 190 191 191 160  35  16  62 173  53  24 137 179 176 175 172
 189 188 187 187 189 182 162 180 180 141 157 177 177 178 176 175
 184 183 175 175 184 180 177 175 176 179 175 168 171 172 170 169
 152 153 155 151 153 154 154 155 153 154 152 150 149 144 144 143
 157 155 156 155 155 154 149 157 139 111 137 151 149 147 149 145
 158 157 159 157 143  41  73 132  20  12  17 119 151 150 150 147
 158 157 160 157  77  26 111  65  20 114  41  49 150 152 149 145
 157 157 163 159  62  73 152  26  56 155  90  40 153 152 149 146
 158 159 161 159  68  56 110  17  97 149  55  50 153 152 151 146
 162 162 164 162 120  19  15  37 146  50  13 100 154 154 151 148
 157 166 164 162 163 133 105 147 158  98 111 154 152 152 149 144
 156 164 165 164 164 145 137 158 120  82 112 153 153 151 151 148
 159 166 164 165 128  20  81 116  15  14  13  99 152 152 150 148
 159 167 165 164  64  36 136  54  27 145  61  46 154 154 152 146
 156 169 164 163  54  75 156  20  66 158  91  40 153 155 154 149
 159 165 164 163  69  39  85  11 109 135  39  52 153 155 153 150
 164 163 167 166 137  27  14  54 150  44  19 120 153 154 152 149
 165 163 165 165 165 157 141 157 155 122 139 155 154 153 152 151
 162 161 156 156 161 159 153 156 154 158 159 149 151 150 149 149

 181 186 184 182 184 182 188 187 189 187 188 192 191 190 191 189
 185 189 188 189 192 192 193 193 191 189 193 195 193 192 192 187
 189 187 188 193 193 193 194 194 196 195 192 195 196 195 193 188
 191 193 192 194 195 194 193 193 194 191 195 191 193 194 195 186
 189 196 155  70  62  70 131 193 195 129  67  61  75 154 194 183
 191 177  36  62 120  83  32 143 144  23  84 120  56  33 174 192
 192 150  28 149 197 191  78 127 113  32 180 200 169  65 156 190
 192 182  41  33  78 124 183 201 160  31  41  88 140 190 195 191
 195 201 172  92  47  28  52 185 203 156  73  32  20  69 194 190
 194 191 102 141 196 149  28 134 175 102 168 194 112  24 179 193
 193 196  66  39  93  77  32 168 184  31  49 102  54  44 197 197
 193 196 183 105  86  95 153 201 202 164  90  79  98 176 205 199
 190 196 197 200 200 201 201 201 203 205 204 203 204 206 203 192
 195 199 200 201 200 199 203 205 202 204 204 204 206 205 202 192
 191 197 199 199 198 201 204 205 204 206 202 207 205 206 204 199
 189 196 198 195 192 192 197 194 191 194 198 197 199 205 205 200
 166 168 169 166 168 168 171 172 172 171 171 173 175 172 175 169
 169 172 172 173 172 173 173 173 175 175 176 177 177 175 176 170
 169 173 173 175 176 176 175 176 175 175 177 178 178 176 178 172
 173 174 177 176 176 178 179 178 176 175 177 177 179 179 177 171
 173 175 139  59  47  59 118 178 176 113  53  46  64 137 177 168
 176 161  24  50 108  68  17 130 128  15  72 107  47  24 157 175
 176 135  17 133 182 174  63 112  97  20 165 182 156  53 141 179
 176 163  28  25  67 112 171 183 139  18  32  75 126 173 180 176
 178 182 154  77  34  18  42 171 185 138  63  24  15  62 180 175
 177 171  86 129 179 132  19 123 159  93 156 179  97  16 162 177
 178 180  51  31  80  64  25 157 169  26  44  88  45  35 182 180
 179 181 166  90  74  81 139 186 186 150  80  66  85 160 189 184
 175 180 181 185 185 184 187 187 187 189 187 187 189 191 187 175
 177 180 182 183 185 185 187 188 188 189 190 190 190 191 187 175
 176 181 181 180 184 185 188 188 188 189 190 191 191 190 188 183
 172 178 181 180 180 181 184 179 179 180 184 182 185 187 189 184
 143 145 147 145 146 146 148 144 148 148 146 149 150 149 151 149
 144 149 150 149 149 151 151 149 151 150 152 154 153 152 152 149
 144 147 150 152 152 152 154 152 151 152 154 155 155 154 153 150
 149 149 151 150 153 153 154 152 153 152 154 153 153 153 154 151
 150 151 119  49  40  50 100 154 153  99  46  40  52 120 155 149
 152 137  17  41  90  55  13 111 112  13  61  91  39  19 139 159
 154 111  12 114 155 149  50  98  82  14 145 158 135  44 122 158
 153 139  20  20  56  97 146 158 120  15  27  66 109 150 155 154
 155 157 132  65  26  17  37 147 158 116  54  20  11  54 157 156
 154 149  73 111 152 110  15 105 137  81 136 156  85  14 141 153
 154 154  41  26  73  56  19 133 145  20  36  75  39  27 157 159
 153 155 143  77  62  68 120 163 164 128  64  54  69 137 165 161
 151 155 157 157 159 159 162 162 164 165 164 163 163 166 165 156
 155 156 159 160 163 161 164 164 165 164 165 164 164 167 165 156
 153 155 157 157 157 159 162 166 164 166 167 169 165 163 163 161
 152 157 158 158 157 158 162 157 156 159 159 156 159 164 165 162

 189 187 188 186 183 192 190 191 190 193 197 199 192 192 199 200
 191 192 193 195 194 174 156 195 194 179 197 205 203 202 204 205
 190 192 195 194 154  33  65 190  69  24  44 176 206 205 206 205
 191 193 196 193  75  56 169 140  20 112  54  98 204 206 205 199
 192 195 195 191  61 120 200  88  32 194 102  79 203 204 207 197
 188 193 192 195  67  84 180  41  73 168  49  90 204 204 202 198
 187 189 195 191 129  23  32  31 156 102  31 164 205 204 206 194
 189 191 196 194 195 144 113 160 203 175 184 202 203 202 204 191
 187 193 194 193 193 143 127 201 185 134 168 201 201 205 205 194
 188 193 194 193 131  32  78 183  52  28  32 153 201 203 204 197
 182 192 193 194  70  83 191 124  28 149  77  95 201 199 201 192
 184 192 193 195  62 120 197  78  47 196  93  86 200 200 198 192
 182 189 193 194  70  62 149  33  92 141  39 105 200 201 199 195
 184 188 188 192 155  36  28  41 172 102  66 183 197 200 199 198
 186 189 187 193 196 177 150 182 201 191 196 196 196 199 197 196
 181 185 189 191 189 191 192 192 195 194 193 193 190 195 191 189
 169 170 172 171 168 175 179 176 175 177 180 184 175 175 183 184
 175 176 178 177 177 157 141 180 180 162 182 189 187 187 188 189
 172 175 176 179 137  24  53 173  62  16  35 160 191 191 190 187
 175 177 178 179  64  47 156 126  15  97  45  85 189 190 191 185
 173 177 178 177  46 107 182  75  24 179  88  66 187 190 191 182
 171 176 177 177  53  72 165  32  63 156  44  80 187 190 190 184
 171 175 175 175 113  15  20  18 138  93  26 150 189 189 189 180
 172 175 175 176 176 128  97 139 185 159 169 186 187 188 188 179
 172 173 176 178 178 130 112 183 171 123 157 186 187 188 188 179
 171 173 175 179 118  17  63 171  42  19  25 139 187 187 188 184
 168 173 176 178  59  68 174 112  18 132  64  81 184 185 185 181
 168 172 176 176  47 108 182  67  34 179  80  74 185 185 184 180
 166 173 175 176  59  50 133  25  77 129  31  90 185 183 180 180
 169 172 173 177 139  24  17  28 154  86  51 166 181 182 181 181
 168 172 173 174 175 161 135 163 182 171 180 181 180 180 181 178
 166 169 169 173 173 176 176 176 178 177 178 179 175 177 176 172
 149 149 150 151 149 159 158 154 156 153 159 161 156 156 161 162
 151 152 153 154 155 139 122 155 157 141 157 165 165 165 163 165
 149 152 154 153 120  19  44 150  54  14  27 137 166 167 163 164
 150 153 155 153  52  39 135 109  11  85  39  69 163 164 165 159
 149 154 155 153  40  91 158  66  20 156  75  54 163 164 169 156
 146 152 154 154  46  61 145  27  54 136  36  64 164 165 167 159
 148 150 152 152  99  13  14  15 116  81  20 128 165 164 166 159
 148 151 151 153 153 112  82 120 158 137 145 164 164 165 164 156
 144 149 152 152 154 111  98 158 147 105 133 163 162 164 166 157
 148 151 154 154 100  13  50 146  37  15  19 120 162 164 162 162
 146 151 152 153  50  55 149  97  17 110  56  68 159 161 159 158
 146 149 152 153  40  90 155  56  26 152  73  62 159 163 157 157
 145 149 152 150  49  41 114  20  65 111  26  77 157 160 157 158
 147 150 150 151 119  17  12  20 132  73  41 143 157 159 157 158
 145 149 147 149 151 137 111 139 157 149 154 155 155 156 155 157
 143 144 144 149 150 152 154 153 155 154 154 153 151 155 153 152

