 253 252 252 252 252 252 250 250 250 252 253 252 253 252 252 253
 254 251 253 253 252 253 253 252 253 253 254 252 252 252 252 253
 253 253 253 252 252 252 253 253 253 253 253 253 253 253 253 254
 250 253 253 253 253 252 252 254 253 252 252 253 252 253 251 254
 253 253 208 175 183 254 220 173 183 253 252 253 252 253 252 252
 254 250 142  98 120 246 174  97 131 253 232 233 252 253 243 250
 254 240 111  89 103 216 139  86 149 241 118 126 245 241 174 246
 252 215 101  94 118 204 116  92 203 243  96 105 232 200 203 255
 251 190  94 108 173 126  92 102 230 250 102  99 202 165 244 253
 252 164  98 150 224  98  87 118 247 244 113  95 140 198 253 252
 248 135 102 186 229 104  84 141 254 236 127  95 124 236 252 253
 242 166 161 227 245 171 146 193 254 247 187 157 203 253 251 253
 251 252 253 254 252 251 252 251 251 252 250 251 252 252 252 254
 250 251 251 251 251 251 251 251 251 251 251 250 251 252 251 254
 254 251 252 252 252 251 251 251 251 251 251 251 251 252 251 253
 249 250 250 251 250 250 248 248 250 251 251 251 250 250 248 246
 235 244 244 243 245 246 245 243 242 245 244 243 245 245 244 242
 238 248 247 247 247 248 247 247 247 248 247 248 248 248 247 245
 235 246 246 246 246 246 247 248 247 247 248 248 248 248 248 246
 235 247 248 246 245 247 248 246 246 247 248 248 247 248 248 246
 241 245 179 141 147 237 194 130 140 240 248 248 248 247 248 246
 240 235 104  66  83 222 138  62  93 232 211 212 245 246 225 235
 241 222  81  64  68 183 110  65 119 211  81  85 225 223 126 220
 237 190  71  66  81 167  76  62 172 224  70  73 205 164 165 242
 235 162  65  80 134  92  63  64 203 232  68  67 159 119 224 243
 234 130  63 111 187  67  61  80 229 225  75  66 103 163 244 242
 224 103  65 149 199  75  63 104 240 213  86  64  87 216 246 243
 210 126 113 195 225 131 107 157 245 228 143 112 167 245 247 244
 232 237 237 242 246 242 241 244 248 245 240 239 244 246 247 243
 231 247 247 246 247 247 247 247 246 247 247 246 247 247 246 243
 240 246 247 247 245 246 247 246 247 246 246 246 247 248 248 242
 230 235 236 238 239 241 241 240 240 240 242 241 242 239 233 226
 189 191 192 194 192 192 192 194 196 195 195 193 195 196 196 192
 192 193 196 196 195 195 196 196 198 197 197 197 198 198 198 193
 194 199 198 196 196 196 197 197 199 198 197 197 197 197 197 194
 186 197 193 194 196 193 195 198 197 197 197 196 196 196 197 196
 194 195 123  94 103 187 140  84  95 191 196 196 196 197 195 194
 194 186  61  37  50 172  88  32  60 185 158 161 191 192 171 181
 193 171  45  41  42 141  65  35  83 160  43  54 177 168  77 170
 190 139  36  43  53 127  38  32 129 172  37  47 158 112 119 190
 188 112  37  52  91  57  38  40 156 180  34  41 119  75 175 188
 183  86  34  77 139  36  38  51 179 172  39  40  65 114 193 190
 176  64  38 110 145  40  42  76 195 161  51  39  54 167 196 193
 163  79  72 148 170  82  64 112 194 175  97  75 122 191 194 192
 184 183 184 191 192 189 186 190 193 192 189 186 191 195 194 191
 185 193 192 194 195 195 193 193 194 194 194 193 195 194 196 193
 193 192 192 194 197 196 194 195 193 193 195 194 193 193 192 189
 177 180 185 186 186 190 190 186 187 188 189 189 189 185 178 174

 253 253 254 254 252 250 246 255 253 252 253 253 254 254 253 246
 252 252 253 251 252 243 174 203 244 253 252 251 252 251 251 248
 252 252 253 253 253 253 241 200 165 198 236 253 252 252 252 250
 253 252 253 252 252 252 245 232 202 140 124 203 252 251 251 250
 252 252 253 253 253 233 126 105  99  95  95 157 251 250 251 251
 253 254 253 252 252 232 118  96 102 113 127 187 250 251 251 251
 252 253 253 252 253 253 241 243 250 244 236 247 252 251 251 251
 250 253 253 253 183 131 149 203 230 247 254 254 251 251 251 250
 250 252 253 254 173  97  86  92 102 118 141 193 251 251 251 248
 250 253 253 252 220 174 139 116  92  87  84 146 252 251 251 248
 252 253 252 252 254 246 216 204 126  98 104 171 251 251 251 250
 252 252 252 253 183 120 103 118 173 224 229 245 252 251 252 250
 252 253 252 253 175  98  89  94 108 150 186 227 254 251 252 251
 252 253 253 253 208 142 111 101  94  98 102 161 253 251 252 250
 252 251 253 253 253 250 240 215 190 164 135 166 252 251 251 250
 253 254 253 250 253 254 254 252 251 252 248 242 251 250 254 249
 242 245 246 246 246 235 220 242 243 242 243 244 243 243 242 226
 244 247 248 248 248 225 126 165 224 244 246 247 247 246 248 233
 245 248 248 248 247 246 223 164 119 163 216 245 246 247 248 239
 245 248 248 247 248 245 225 205 159 103  87 167 244 247 247 242
 243 248 248 248 248 212  85  73  67  66  64 112 239 246 246 241
 244 247 248 248 248 211  81  70  68  75  86 143 240 247 246 242
 245 248 247 247 240 232 211 224 232 225 213 228 245 247 246 240
 242 247 247 246 140  93 119 172 203 229 240 245 248 246 247 240
 243 247 248 246 130  62  65  62  64  80 104 157 244 247 246 240
 245 247 247 248 194 138 110  76  63  61  63 107 241 247 247 241
 246 248 246 247 237 222 183 167  92  67  75 131 242 247 246 241
 245 247 246 245 147  83  68  81 134 187 199 225 246 247 245 239
 243 247 246 246 141  66  64  66  80 111 149 195 242 246 247 238
 244 247 246 248 179 104  81  71  65  63  65 113 237 247 247 236
 244 248 246 247 245 235 222 190 162 130 103 126 237 247 246 235
 235 238 235 235 241 240 241 237 235 234 224 210 232 231 240 230
 192 193 194 196 194 181 170 190 188 190 193 192 191 193 189 174
 196 198 197 197 195 171  77 119 175 193 196 194 194 196 192 178
 196 198 197 196 197 192 168 112  75 114 167 191 195 194 193 185
 195 198 197 196 196 191 177 158 119  65  54 122 191 195 193 189
 193 197 197 196 196 161  54  47  41  40  39  75 186 193 194 189
 195 197 197 197 196 158  43  37  34  39  51  97 189 194 195 189
 195 197 198 197 191 185 160 172 180 172 161 175 192 194 193 188
 196 198 199 197  95  60  83 129 156 179 195 194 193 194 193 187
 194 196 197 198  84  32  35  32  40  51  76 112 190 193 195 186
 192 196 197 195 140  88  65  38  38  38  42  64 186 193 194 190
 192 195 196 193 187 172 141 127  57  36  40  82 189 195 196 190
 192 195 196 196 103  50  42  53  91 139 145 170 192 195 197 186
 194 196 196 194  94  37  41  43  52  77 110 148 191 194 194 186
 192 196 198 193 123  61  45  36  37  34  38  72 184 192 192 185
 191 193 199 197 195 186 171 139 112  86  64  79 183 193 192 180
 189 192 194 186 194 194 193 190 188 183 176 163 184 185 193 177

 246 248 250 250 251 251 251 250 248 248 250 250 251 250 250 249
 253 251 252 251 251 251 251 251 251 251 251 252 252 252 251 254
 254 251 252 251 250 251 251 251 251 251 251 251 251 251 251 250
 254 252 252 252 251 250 252 251 251 252 251 252 254 253 252 251
 253 251 253 203 157 187 247 254 193 146 171 245 227 161 166 242
 253 252 236 124  95 127 236 254 141  84 104 229 186 102 135 248
 252 253 198 140  95 113 244 247 118  87  98 224 150  98 164 252
 253 244 165 202  99 102 250 230 102  92 126 173 108  94 190 251
 255 203 200 232 105  96 243 203  92 116 204 118  94 101 215 252
 246 174 241 245 126 118 241 149  86 139 216 103  89 111 240 254
 250 243 253 252 233 232 253 131  97 174 246 120  98 142 250 254
 252 252 253 252 253 252 253 183 173 220 254 183 175 208 253 253
 254 251 253 252 253 252 252 253 254 252 252 253 253 253 253 250
 254 253 253 253 253 253 253 253 253 253 252 252 252 253 253 253
 253 252 252 252 252 254 253 253 252 253 253 252 253 253 251 254
 253 252 252 253 252 253 252 250 250 250 252 252 252 252 252 253
 226 233 239 242 241 242 240 240 240 241 241 239 238 236 235 230
 242 248 248 247 246 246 246 247 246 247 246 245 247 247 246 240
 243 246 247 247 246 247 247 246 247 247 247 247 246 247 247 231
 243 247 246 244 239 240 245 248 244 241 242 246 242 237 237 232
 244 247 245 167 112 143 228 245 157 107 131 225 195 113 126 210
 243 246 216  87  64  86 213 240 104  63  75 199 149  65 103 224
 242 244 163 103  66  75 225 229  80  61  67 187 111  63 130 234
 243 224 119 159  67  68 232 203  64  63  92 134  80  65 162 235
 242 165 164 205  73  70 224 172  62  76 167  81  66  71 190 237
 220 126 223 225  85  81 211 119  65 110 183  68  64  81 222 241
 235 225 246 245 212 211 232  93  62 138 222  83  66 104 235 240
 246 248 247 248 248 248 240 140 130 194 237 147 141 179 245 241
 246 248 248 247 248 248 247 246 246 248 247 245 246 248 247 235
 246 248 248 248 248 248 247 247 248 247 246 246 246 246 246 235
 245 247 248 248 248 247 248 247 247 247 248 247 247 247 248 238
 242 244 245 245 243 244 245 242 243 245 246 245 243 244 244 235
 174 178 185 189 189 189 188 187 186 190 190 186 186 185 180 177
 189 192 193 193 194 195 193 193 195 194 196 197 194 192 192 193
 193 196 194 195 193 194 194 194 193 193 195 195 194 192 193 185
 191 194 195 191 186 189 192 193 190 186 189 192 191 184 183 184
 192 194 191 122  75  97 175 194 112  64  82 170 148  72  79 163
 193 196 167  54  39  51 161 195  76  42  40 145 110  38  64 176
 190 193 114  65  40  39 172 179  51  38  36 139  77  34  86 183
 188 175  75 119  41  34 180 156  40  38  57  91  52  37 112 188
 190 119 112 158  47  37 172 129  32  38 127  53  43  36 139 190
 170  77 168 177  54  43 160  83  35  65 141  42  41  45 171 193
 181 171 192 191 161 158 185  60  32  88 172  50  37  61 186 194
 194 195 197 196 196 196 191  95  84 140 187 103  94 123 195 194
 196 197 196 196 196 197 197 197 198 195 193 196 194 193 197 186
 194 197 197 197 197 197 198 199 197 197 196 196 196 198 199 194
 193 198 198 198 197 197 197 198 196 196 195 195 196 196 193 192
 192 196 196 195 193 195 195 196 194 192 192 192 194 192 191 189

 249 254 250 251 242 248 252 251 252 254 254 253 250 253 254 253
 250 251 251 252 166 135 164 190 215 240 250 253 253 253 251 252
 250 252 251 253 161 102  98  94 101 111 142 208 253 253 253 252
 251 252 251 254 227 186 150 108  94  89  98 175 253 252 253 252
 250 252 251 252 245 229 224 173 118 103 120 183 253 252 252 252
 250 251 251 251 171 104  98 126 204 216 246 254 252 252 253 252
 248 251 251 252 146  84  87  92 116 139 174 220 252 253 253 250
 248 251 251 251 193 141 118 102  92  86  97 173 254 253 252 250
 250 251 251 251 254 254 247 230 203 149 131 183 253 253 253 250
 251 251 251 252 247 236 244 250 243 241 253 253 252 253 253 252
 251 251 251 250 187 127 113 102  96 118 232 252 252 253 254 253
 251 251 250 251 157  95  95  99 105 126 233 253 253 253 252 252
 250 251 251 252 203 124 140 202 232 245 252 252 252 253 252 253
 250 252 252 252 253 236 198 165 200 241 253 253 253 253 252 252
 248 251 251 252 251 252 253 244 203 174 243 252 251 253 252 252
 246 253 254 254 253 253 252 253 255 246 250 252 254 254 253 253
 230 240 231 232 210 224 234 235 237 241 240 241 235 235 238 235
 235 246 247 237 126 103 130 162 190 222 235 245 247 246 248 244
 236 247 247 237 113  65  63  65  71  81 104 179 248 246 247 244
 238 247 246 242 195 149 111  80  66  64  66 141 246 246 247 243
 239 245 247 246 225 199 187 134  81  68  83 147 245 246 247 245
 241 246 247 242 131  75  67  92 167 183 222 237 247 246 248 246
 241 247 247 241 107  63  61  63  76 110 138 194 248 247 247 245
 240 246 247 244 157 104  80  64  62  65  62 130 246 248 247 243
 240 247 246 248 245 240 229 203 172 119  93 140 246 247 247 242
 240 246 247 245 228 213 225 232 224 211 232 240 247 247 248 245
 242 246 247 240 143  86  75  68  70  81 211 248 248 248 247 244
 241 246 246 239 112  64  66  67  73  85 212 248 248 248 248 243
 242 247 247 244 167  87 103 159 205 225 245 248 247 248 248 245
 239 248 247 246 245 216 163 119 164 223 246 247 248 248 248 245
 233 248 246 247 247 246 244 224 165 126 225 248 248 248 247 244
 226 242 243 243 244 243 242 243 242 220 235 246 246 246 245 242
 177 193 185 184 163 176 183 188 190 193 194 194 186 194 192 189
 180 192 193 183  79  64  86 112 139 171 186 195 197 199 193 191
 185 192 192 184  72  38  34  37  36  45  61 123 193 198 196 192
 186 194 194 191 148 110  77  52  43  41  37  94 194 196 196 194
 186 197 195 192 170 145 139  91  53  42  50 103 196 196 195 192
 190 196 195 189  82  40  36  57 127 141 172 187 193 196 195 192
 190 194 193 186  64  42  38  38  38  65  88 140 195 197 196 192
 186 195 193 190 112  76  51  40  32  35  32  84 198 197 196 194
 187 193 194 193 194 195 179 156 129  83  60  95 197 199 198 196
 188 193 194 192 175 161 172 180 172 160 185 191 197 198 197 195
 189 195 194 189  97  51  39  34  37  43 158 196 197 197 197 195
 189 194 193 186  75  39  40  41  47  54 161 196 196 197 197 193
 189 193 195 191 122  54  65 119 158 177 191 196 196 197 198 195
 185 193 194 195 191 167 114  75 112 168 192 197 196 197 198 196
 178 192 196 194 194 196 193 175 119  77 171 195 197 197 198 196
 174 189 193 191 192 193 190 188 190 170 181 194 196 194 193 192

