 253 252 254 253 253 254 253 253 253 253 252 253 252 252 252 253
 255 252 253 251 252 252 253 253 253 252 252 252 251 252 252 253
 255 252 254 253 253 253 253 253 253 253 253 252 252 252 252 253
 254 250 251 251 253 252 252 252 253 251 252 251 252 252 252 253
 255 252 217 195 206 252 229 195 195 252 252 251 253 251 250 253
 254 246 139  94 119 247 171 100 135 253 241 240 243 244 242 252
 254 241 122  91 107 222 142  92 154 232 130 131 171 144 126 199
 255 212 100  89 118 186 118  95 193 205 100 135 244 142  98 187
 255 185  95 118 176 132 109 105 218 172  99 159 245 123 109 218
 253 158  85 150 217 103  89 115 238 145 106 186 221 110 119 242
 249 138  96 178 224 106  88 138 241 119 104 221 199  99 137 253
 242 164 152 217 245 166 143 194 232 150 153 242 191 144 187 254
 254 250 251 252 253 252 248 251 251 249 249 254 250 248 250 254
 254 251 252 252 253 253 253 252 252 252 252 252 254 254 253 254
 252 252 251 253 252 251 251 250 251 250 250 250 253 253 252 253
 248 253 252 254 252 250 251 251 252 251 250 250 251 251 250 253
 237 247 247 247 249 246 247 245 246 246 244 245 244 245 246 243
 243 249 251 251 251 251 251 251 251 252 249 249 249 250 251 248
 242 250 251 251 250 250 251 250 251 250 250 249 249 249 249 246
 242 250 250 250 248 249 249 248 248 248 250 249 249 249 249 247
 241 247 191 161 174 243 211 160 162 239 249 248 247 248 247 247
 237 235 102  66  85 223 138  65 100 233 226 224 223 227 224 239
 243 225  86  65  75 188 111  63 121 205  95  91 127 105  88 159
 246 190  71  68  86 148  87  63 160 179  67  96 213 109  67 153
 242 159  66  85 139  95  74  72 191 145  69 125 224  94  76 189
 235 129  62 114 180  72  64  81 206 116  71 152 195  78  86 220
 227 104  64 146 198  74  65 104 216  91  74 195 170  68 107 237
 217 119 108 188 225 126 103 161 207 108 109 216 157 101 153 244
 240 238 239 244 248 241 236 242 244 237 236 244 240 236 241 247
 241 250 249 248 248 247 249 247 247 247 249 249 249 247 247 247
 238 249 248 248 248 247 248 247 248 249 249 248 248 248 247 245
 235 245 245 245 240 240 241 241 241 241 239 241 241 241 240 238
 197 197 200 200 197 201 201 201 202 197 198 201 200 202 201 199
 201 206 206 206 205 207 206 206 206 203 206 207 205 205 204 201
 195 205 205 205 208 206 205 207 205 206 207 204 204 205 207 202
 198 207 205 202 203 204 203 202 201 203 203 201 202 203 205 200
 195 200 143 113 125 192 158 112 118 193 202 202 202 203 204 199
 192 185  67  44  60 182  92  41  68 186 176 176 176 178 178 193
 194 173  50  44  52 147  69  40  86 157  55  52  83  62  51 120
 198 145  42  46  59 111  52  43 124 133  37  64 172  69  38 115
 196 111  39  57 100  62  46  42 146  98  41  91 177  57  48 147
 190  84  36  82 135  40  42  53 161  70  42 117 149  47  57 180
 178  65  40 107 152  40  43  73 169  51  43 149 123  38  75 193
 169  81  71 144 176  82  69 121 159  66  74 170 110  66 115 197
 193 189 190 198 201 194 188 196 199 193 194 203 194 190 193 196
 194 202 204 204 204 204 202 204 204 203 204 203 201 203 200 197
 192 202 204 202 203 204 204 202 201 203 202 202 199 199 199 199
 191 200 198 196 189 188 190 191 191 192 192 189 188 189 191 190

 253 253 253 253 253 252 199 187 218 242 253 254 254 254 253 253
 252 252 252 252 250 242 126  98 109 119 137 187 250 253 252 250
 252 252 252 252 251 244 144 142 123 110  99 144 248 254 253 251
 252 251 252 252 253 243 171 244 245 221 199 191 250 254 253 251
 253 252 252 251 251 240 131 135 159 186 221 242 254 252 250 250
 252 252 253 252 252 241 130 100  99 106 104 153 249 252 250 250
 253 252 253 251 252 253 232 205 172 145 119 150 249 252 250 251
 253 253 253 253 195 135 154 193 218 238 241 232 251 252 251 252
 253 253 253 252 195 100  92  95 105 115 138 194 251 252 250 251
 253 253 253 252 229 171 142 118 109  89  88 143 248 253 251 251
 254 252 253 252 252 247 222 186 132 103 106 166 252 253 251 250
 253 252 253 253 206 119 107 118 176 217 224 245 253 253 252 252
 253 251 253 251 195  94  91  89 118 150 178 217 252 252 253 254
 254 253 254 251 217 139 122 100  95  85  96 152 251 252 251 252
 252 252 252 250 252 246 241 212 185 158 138 164 250 251 252 253
 253 255 255 254 255 254 254 255 255 253 249 242 254 254 252 248
 243 248 246 247 247 239 159 153 189 220 237 244 247 247 245 238
 246 251 249 249 247 224  88  67  76  86 107 153 241 247 247 240
 245 250 249 249 248 227 105 109  94  78  68 101 236 247 248 241
 244 249 249 249 247 223 127 213 224 195 170 157 240 249 248 241
 245 249 249 249 248 224  91  96 125 152 195 216 244 249 248 241
 244 249 250 250 249 226  95  67  69  71  74 109 236 249 249 239
 246 252 250 248 239 233 205 179 145 116  91 108 237 247 249 241
 246 251 251 248 162 100 121 160 191 206 216 207 244 247 248 241
 245 251 250 248 160  65  63  63  72  81 104 161 242 247 247 241
 247 251 251 249 211 138 111  87  74  64  65 103 236 249 248 241
 246 251 250 249 243 223 188 148  95  72  74 126 241 247 247 240
 249 251 250 248 174  85  75  86 139 180 198 225 248 248 248 240
 247 251 251 250 161  66  65  68  85 114 146 188 244 248 248 245
 247 251 251 250 191 102  86  71  66  62  64 108 239 249 248 245
 247 249 250 250 247 235 225 190 159 129 104 119 238 250 249 245
 237 243 242 242 241 237 243 246 242 235 227 217 240 241 238 235
 199 201 202 200 199 193 120 115 147 180 193 197 196 197 199 190
 201 204 207 205 204 178  51  38  48  57  75 115 193 200 199 191
 202 205 205 203 203 178  62  69  57  47  38  66 190 203 199 189
 200 205 204 202 202 176  83 172 177 149 123 110 194 201 199 188
 201 207 204 201 202 176  52  64  91 117 149 170 203 203 202 189
 198 206 207 203 202 176  55  37  41  42  43  74 194 204 202 192
 197 203 206 203 193 186 157 133  98  70  51  66 193 203 203 192
 202 206 205 201 118  68  86 124 146 161 169 159 199 204 201 191
 201 206 207 202 112  41  40  43  42  53  73 121 196 204 202 191
 201 206 205 203 158  92  69  52  46  42  43  69 188 202 204 190
 201 207 206 204 192 182 147 111  62  40  40  82 194 204 204 188
 197 205 208 203 125  60  52  59 100 135 152 176 201 204 203 189
 200 206 205 202 113  44  44  46  57  82 107 144 198 204 202 196
 200 206 205 205 143  67  50  42  39  36  40  71 190 204 204 198
 197 206 205 207 200 185 173 145 111  84  65  81 189 202 202 200
 197 201 195 198 195 192 194 198 196 190 178 169 193 194 192 191

 253 250 251 251 250 250 251 252 251 251 250 252 254 252 253 248
 253 252 253 253 250 250 250 251 250 251 251 252 253 251 252 252
 254 253 254 254 252 252 252 252 252 253 253 253 252 252 251 254
 254 250 248 250 254 249 249 251 251 248 252 253 252 251 250 254
 254 187 144 191 242 153 150 232 194 143 166 245 217 152 164 242
 253 137  99 199 221 104 119 241 138  88 106 224 178  96 138 249
 242 119 110 221 186 106 145 238 115  89 103 217 150  85 158 253
 218 109 123 245 159  99 172 218 105 109 132 176 118  95 185 255
 187  98 142 244 135 100 205 193  95 118 186 118  89 100 212 255
 199 126 144 171 131 130 232 154  92 142 222 107  91 122 241 254
 252 242 244 243 240 241 253 135 100 171 247 119  94 139 246 254
 253 250 251 253 251 252 252 195 195 229 252 206 195 217 252 255
 253 252 252 252 251 252 251 253 252 252 252 253 251 251 250 254
 253 252 252 252 252 253 253 253 253 253 253 253 253 254 252 255
 253 252 252 251 252 252 252 253 253 253 252 252 251 253 252 255
 253 252 252 252 253 252 253 253 253 253 254 253 253 254 252 253
 238 240 241 241 241 239 241 241 241 241 240 240 245 245 245 235
 245 247 248 248 248 249 249 248 247 248 247 248 248 248 249 238
 247 247 247 249 249 249 247 247 247 249 247 248 248 249 250 241
 247 241 236 240 244 236 237 244 242 236 241 248 244 239 238 240
 244 153 101 157 216 109 108 207 161 103 126 225 188 108 119 217
 237 107  68 170 195  74  91 216 104  65  74 198 146  64 104 227
 220  86  78 195 152  71 116 206  81  64  72 180 114  62 129 235
 189  76  94 224 125  69 145 191  72  74  95 139  85  66 159 242
 153  67 109 213  96  67 179 160  63  87 148  86  68  71 190 246
 159  88 105 127  91  95 205 121  63 111 188  75  65  86 225 243
 239 224 227 223 224 226 233 100  65 138 223  85  66 102 235 237
 247 247 248 247 248 249 239 162 160 211 243 174 161 191 247 241
 247 249 249 249 249 250 248 248 248 249 249 248 250 250 250 242
 246 249 249 249 249 250 250 251 250 251 250 250 251 251 250 242
 248 251 250 249 249 249 252 251 251 251 251 251 251 251 249 243
 243 246 245 244 245 244 246 246 245 247 246 249 247 247 247 237
 190 191 189 188 189 192 192 191 191 190 188 189 196 198 200 191
 199 199 199 199 202 202 203 201 202 204 204 203 202 204 202 192
 197 200 203 201 203 204 203 204 204 202 204 204 204 204 202 194
 196 193 190 194 203 194 193 199 196 188 194 201 198 190 189 193
 197 115  66 110 170  74  66 159 121  69  82 176 144  71  81 169
 193  75  38 123 149  43  51 169  73  43  40 152 107  40  65 178
 180  57  47 149 117  42  70 161  53  42  40 135  82  36  84 190
 147  48  57 177  91  41  98 146  42  46  62 100  57  39 111 196
 115  38  69 172  64  37 133 124  43  52 111  59  46  42 145 198
 120  51  62  83  52  55 157  86  40  69 147  52  44  50 173 194
 193 178 178 176 176 176 186  68  41  92 182  60  44  67 185 192
 199 204 203 202 202 202 193 118 112 158 192 125 113 143 200 195
 200 205 203 202 201 203 203 201 202 203 204 203 202 205 207 198
 202 207 205 204 204 207 206 205 207 205 206 208 205 205 205 195
 201 204 205 205 207 206 203 206 206 206 207 205 206 206 206 201
 199 201 202 200 201 198 197 202 201 201 201 197 200 200 197 197

 248 252 254 254 242 249 253 255 255 254 254 255 254 255 255 253
 253 252 251 250 164 138 158 185 212 241 246 252 250 252 252 252
 252 251 252 251 152  96  85  95 100 122 139 217 251 254 253 254
 254 253 252 252 217 178 150 118  89  91  94 195 251 253 251 253
 252 252 253 253 245 224 217 176 118 107 119 206 253 253 252 253
 250 251 253 252 166 106 103 132 186 222 247 252 252 253 252 254
 251 251 253 248 143  88  89 109 118 142 171 229 252 253 253 253
 251 250 252 251 194 138 115 105  95  92 100 195 252 253 253 253
 252 251 252 251 232 241 238 218 193 154 135 195 253 253 253 253
 251 250 252 249 150 119 145 172 205 232 253 252 251 253 252 253
 250 250 252 249 153 104 106  99 100 130 241 252 252 253 252 252
 250 250 252 254 242 221 186 159 135 131 240 251 251 252 252 253
 251 253 254 250 191 199 221 245 244 171 243 253 252 252 251 252
 251 253 254 248 144  99 110 123 142 144 244 251 252 252 252 252
 250 252 253 250 187 137 119 109  98 126 242 250 252 252 252 252
 253 253 254 254 254 253 242 218 187 199 252 253 253 253 253 253
 235 238 241 240 217 227 235 242 246 243 237 241 242 242 243 237
 245 249 250 238 119 104 129 159 190 225 235 247 250 250 249 247
 245 248 249 239 108  64  62  66  71  86 102 191 250 251 251 247
 245 248 248 244 188 146 114  85  68  65  66 161 250 251 251 247
 240 248 248 248 225 198 180 139  86  75  85 174 248 250 251 249
 240 247 247 241 126  74  72  95 148 188 223 243 249 250 251 246
 241 248 249 236 103  65  64  74  87 111 138 211 249 251 251 247
 241 247 247 242 161 104  81  72  63  63  65 160 248 250 251 245
 241 248 247 244 207 216 206 191 160 121 100 162 248 251 251 246
 241 249 247 237 108  91 116 145 179 205 233 239 248 250 252 246
 239 249 249 236 109  74  71  69  67  95 226 249 250 250 249 244
 241 248 249 244 216 195 152 125  96  91 224 248 249 249 249 245
 241 248 249 240 157 170 195 224 213 127 223 247 249 249 249 244
 241 248 247 236 101  68  78  94 109 105 227 248 249 249 250 245
 240 247 247 241 153 107  86  76  67  88 224 247 249 249 251 246
 238 245 247 247 244 237 220 189 153 159 239 247 247 246 248 243
 191 192 194 193 169 178 190 196 198 194 192 195 198 195 201 197
 200 202 202 189  81  65  84 111 145 173 185 200 207 205 206 197
 198 204 204 190  71  40  36  39  42  50  67 143 205 205 206 200
 196 202 204 198 144 107  82  57  46  44  44 113 202 205 206 200
 189 203 204 201 176 152 135 100  59  52  60 125 203 208 205 197
 188 204 204 194  82  40  40  62 111 147 182 192 204 206 207 201
 190 204 202 188  69  43  42  46  52  69  92 158 203 205 206 201
 191 202 204 196 121  73  53  42  43  40  41 112 202 207 206 201
 191 201 204 199 159 169 161 146 124  86  68 118 201 205 206 202
 192 203 203 193  66  51  70  98 133 157 186 193 203 206 203 197
 192 202 204 194  74  43  42  41  37  55 176 202 203 207 206 198
 189 202 203 203 170 149 117  91  64  52 176 202 201 204 207 201
 188 199 201 194 110 123 149 177 172  83 176 202 202 204 205 200
 189 199 203 190  66  38  47  57  69  62 178 203 203 205 205 202
 191 199 200 193 115  75  57  48  38  51 178 204 205 207 204 201
 190 199 197 196 197 193 180 147 115 120 193 199 200 202 201 199

