 232 237 239 237 237 236 236 236 231 228 230 228 230 230 227 227
 229 236 237 237 237 237 236 233 230 227 229 229 229 229 229 225
 230 234 236 236 175 150 181 216 223 227 226 228 229 227 228 225
 219 230 231 231 147  44  42  50  71  98 126 164 225 225 226 226
 231 229 228 228 173  77  53  44  40  40  43  51 228 227 225 228
 233 233 232 233 220 188 186 161 139 102  88  58 226 224 224 229
 233 234 236 234 164  48  43  75 119 203 224 217 223 223 225 223
 222 232 234 231 151  42  41  45  46 108 227 224 225 225 222 220
 212 228 231 227 144  97 153 125  73  91 226 226 228 224 221 219
 216 229 228 226 145  99 199 225 186 111 223 224 228 226 222 222
 226 231 228 226 155  62  67  84  99  95 187 218 227 224 224 221
 224 232 232 229 170  72  71  73  73  78  77  84 216 226 224 219
 217 232 232 230 222 181 151 122  92  82  83  83 213 221 222 217
 211 228 230 230 228 229 230 230 218 197 165 128 224 223 223 217
 209 223 225 226 224 222 225 222 223 221 221 218 221 223 221 221
 220 223 221 224 224 223 223 217 220 220 222 217 218 219 219 221
 238 241 242 243 244 245 243 242 238 238 238 238 238 236 234 233
 240 243 244 243 243 243 242 242 238 237 237 237 237 236 232 232
 237 240 243 242 171 142 182 219 229 233 235 235 235 235 232 233
 226 238 239 239 146  37  33  45  70  95 122 162 231 234 233 232
 237 238 237 239 175  71  45  41  34  32  34  41 233 233 231 231
 239 241 241 239 228 182 185 162 132  97  81  48 231 232 230 229
 238 242 242 241 165  38  38  70 112 197 228 218 231 229 230 227
 229 241 241 240 149  33  36  35  36  96 231 231 230 228 228 228
 218 238 238 237 146  89 150 122  70  83 229 230 228 228 226 226
 221 235 235 234 146  92 197 226 185 100 227 229 229 227 225 223
 232 235 233 233 154  51  55  69  88  81 180 216 227 225 225 222
 226 237 235 233 170  61  60  59  60  62  60  69 215 225 224 221
 221 234 233 232 223 177 144 106  77  63  63  64 210 225 223 219
 214 231 231 229 228 230 231 230 219 192 154 116 221 225 222 219
 210 226 226 225 223 228 226 224 224 224 223 222 221 222 222 218
 220 223 222 222 222 223 221 221 220 220 220 219 220 218 219 217
 245 245 246 247 245 247 249 249 243 245 244 243 243 241 240 237
 243 245 246 246 246 246 247 247 242 242 242 241 241 239 239 237
 241 244 246 247 175 151 187 226 235 239 242 242 241 238 237 234
 232 243 243 244 149  41  38  50  75 102 127 172 239 237 236 232
 243 243 243 242 182  73  50  41  33  34  34  46 238 237 237 233
 242 245 245 244 233 190 189 164 132  95  81  52 230 235 236 233
 240 248 245 244 168  43  40  74 115 203 230 222 231 233 232 229
 230 244 242 242 147  36  35  35  36  96 233 233 233 230 228 227
 222 239 239 236 146  90 150 119  67  81 231 231 230 229 227 226
 227 238 236 234 149  91 199 227 183  98 230 229 229 228 226 225
 237 238 235 233 153  45  51  63  79  75 181 218 228 226 225 223
 228 236 235 234 166  52  49  47  47  47  50  63 216 227 224 221
 220 234 233 233 222 170 134  99  68  50  55  52 211 226 222 219
 212 230 229 229 229 226 227 227 213 185 148 109 221 223 222 217
 207 225 225 225 224 223 226 224 222 220 220 219 219 219 221 216
 218 221 220 222 223 223 222 219 219 215 218 217 218 216 219 217

 227 225 225 226 228 229 223 220 219 222 221 219 217 217 221 221
 227 229 228 226 225 224 225 222 221 222 224 224 222 223 221 219
 230 229 227 225 227 224 223 225 224 226 224 226 221 223 223 219
 230 229 229 225 228 226 223 225 228 228 227 216 213 224 221 218
 228 229 228 164  51  58 217 224 226 224 218  84  83 128 218 217
 230 229 226 126  43  88 224 227 226 223 187  77  83 165 221 222
 228 227 227  98  40 102 203 108  91 111  95  78  82 197 221 220
 231 230 223  71  40 139 119  46  73 186  99  73  92 218 223 220
 236 233 216  50  44 161  75  45 125 225  84  73 122 230 222 217
 236 236 181  42  53 186  43  41 153 199  67  71 151 230 225 223
 236 237 150  44  77 188  48  42  97  99  62  72 181 229 222 223
 237 237 175 147 173 220 164 151 144 145 155 170 222 228 224 224
 237 237 236 231 228 233 234 231 227 226 226 229 230 230 226 224
 239 237 236 231 228 232 236 234 231 228 228 232 232 230 225 221
 237 236 234 230 229 233 234 232 228 229 231 232 232 228 223 223
 232 229 230 219 231 233 233 222 212 216 226 224 217 211 209 220
 233 232 233 232 231 229 227 228 226 223 222 221 219 219 218 217
 234 232 232 233 231 230 230 228 226 225 225 224 223 222 222 219
 236 236 235 234 233 232 229 228 228 227 225 225 225 225 222 218
 238 237 235 231 233 231 231 230 228 229 227 215 210 221 221 220
 238 237 235 162  41  48 218 231 230 229 216  69  64 116 222 219
 238 237 235 122  34  81 228 231 229 227 180  60  63 154 223 220
 238 237 233  95  32  97 197  96  83 100  81  62  63 192 224 220
 238 238 229  70  34 132 112  36  70 185  88  60  77 219 224 220
 242 242 219  45  41 162  70  35 122 226  69  59 106 230 224 221
 243 242 182  33  45 185  38  36 150 197  55  60 144 231 226 221
 245 243 142  37  71 182  38  33  89  92  51  61 177 230 228 223
 244 243 171 146 175 228 165 149 146 146 154 170 223 228 223 222
 243 243 242 239 239 239 241 240 237 234 233 233 232 229 225 222
 242 244 243 239 237 241 242 241 238 235 233 235 233 231 226 222
 241 243 240 238 238 241 242 241 238 235 235 237 234 231 226 223
 238 240 237 226 237 239 238 229 218 221 232 226 221 214 210 220
 237 237 234 232 233 233 229 227 226 225 223 221 219 217 216 217
 240 239 237 236 237 236 232 228 227 226 225 224 222 222 221 219
 241 239 238 237 237 235 233 230 229 228 226 227 226 223 219 216
 243 241 241 239 238 230 231 233 230 229 228 216 211 221 219 218
 243 241 242 172  46  52 222 233 231 229 218  63  52 109 219 217
 244 242 242 127  34  81 230 233 231 230 181  50  55 148 220 218
 245 242 239 102  34  95 203  96  81  98  75  47  50 185 220 215
 243 242 235  75  33 132 115  36  67 183  79  47  68 213 222 219
 249 247 226  50  41 164  74  35 119 227  63  47  99 227 224 219
 249 247 187  38  50 189  40  35 150 199  51  49 134 227 226 222
 247 246 151  41  73 190  43  36  90  91  45  52 170 226 223 223
 245 246 175 149 182 233 168 147 146 149 153 166 222 229 224 223
 247 246 247 244 242 244 244 242 236 234 233 234 233 229 225 222
 246 246 246 243 243 245 245 242 239 236 235 235 233 229 225 220
 245 245 244 243 243 245 248 244 239 238 238 236 234 230 225 221
 245 243 241 232 243 242 240 230 222 227 237 228 220 212 207 218

 221 219 219 218 217 222 220 220 217 223 223 224 224 221 223 220
 221 221 223 221 218 221 221 223 222 225 222 224 226 225 223 209
 217 223 223 224 128 165 197 218 230 230 229 228 230 230 228 211
 217 222 221 213  83  83  82  92 122 151 181 222 230 232 232 217
 219 224 226 216  84  77  78  73  73  71  72 170 229 232 232 224
 221 224 224 227 218 187  95  99  84  67  62 155 226 228 231 226
 222 222 226 228 224 223 111 186 225 199  99 145 226 228 229 216
 219 221 224 228 226 226  91  73 125 153  97 144 227 231 228 212
 220 222 225 225 224 227 108  46  45  41  42 151 231 234 232 222
 223 225 223 223 217 224 203 119  75  43  48 164 234 236 234 233
 229 224 224 226  58  88 102 139 161 186 188 220 233 232 233 233
 228 225 227 228  51  43  40  40  44  53  77 173 228 228 229 231
 226 226 225 225 164 126  98  71  50  42  44 147 231 231 230 219
 225 228 227 229 228 226 227 223 216 181 150 175 236 236 234 230
 225 229 229 229 229 229 227 230 233 236 237 237 237 237 236 229
 227 227 230 230 228 230 228 231 236 236 236 237 237 239 237 232
 217 219 218 220 219 220 220 220 221 221 223 222 222 222 223 220
 218 222 222 221 222 223 224 224 224 226 228 223 225 226 226 210
 219 222 225 221 116 154 192 219 230 231 230 228 229 231 231 214
 219 223 225 210  64  63  63  77 106 144 177 223 232 233 234 221
 221 224 225 215  69  60  62  60  59  60  61 170 233 235 237 226
 222 225 225 227 216 180  81  88  69  55  51 154 233 233 235 232
 223 225 227 229 229 227 100 185 226 197  92 146 234 235 235 221
 226 226 228 228 230 229  83  70 122 150  89 146 237 238 238 218
 228 228 228 230 231 231  96  36  35  36  33 149 240 241 241 229
 227 230 229 231 218 228 197 112  70  38  38 165 241 242 242 238
 229 230 232 231  48  81  97 132 162 185 182 228 239 241 241 239
 231 231 233 233  41  34  32  34  41  45  71 175 239 237 238 237
 232 233 234 231 162 122  95  70  45  33  37 146 239 239 238 226
 233 232 235 235 235 235 233 229 219 182 142 171 242 243 240 237
 232 232 236 237 237 237 237 238 242 242 243 243 243 244 243 240
 233 234 236 238 238 238 238 238 242 243 245 244 243 242 241 238
 217 219 216 218 217 218 215 219 219 222 223 223 222 220 221 218
 216 221 219 219 219 220 220 222 224 226 223 224 225 225 225 207
 217 222 223 221 109 148 185 213 227 227 226 229 229 229 230 212
 219 222 226 211  52  55  50  68  99 134 170 222 233 233 234 220
 221 224 227 216  63  50  47  47  47  49  52 166 234 235 236 228
 223 225 226 228 218 181  75  79  63  51  45 153 233 235 238 237
 225 226 228 229 229 230  98 183 227 199  91 149 234 236 238 227
 226 227 229 230 231 231  81  67 119 150  90 146 236 239 239 222
 227 228 230 233 233 233  96  36  35  35  36 147 242 242 244 230
 229 232 233 231 222 230 203 115  74  40  43 168 244 245 248 240
 233 236 235 230  52  81  95 132 164 189 190 233 244 245 245 242
 233 237 237 238  46  34  34  33  41  50  73 182 242 243 243 243
 232 236 237 239 172 127 102  75  50  38  41 149 244 243 243 232
 234 237 238 241 242 242 239 235 226 187 151 175 247 246 244 241
 237 239 239 241 241 242 242 242 247 247 246 246 246 246 245 243
 237 240 241 243 243 244 245 243 249 249 247 245 247 246 245 245

 220 209 211 217 224 226 216 212 222 233 233 231 219 230 229 232
 223 223 228 232 232 231 229 228 232 234 233 229 230 234 236 237
 221 225 230 232 232 228 228 231 234 236 232 228 231 236 237 239
 224 226 230 230 229 226 226 227 231 234 233 228 231 236 237 237
 224 224 228 222 170 155 145 144 151 164 220 173 147 175 237 237
 223 222 229 181  72  62  99  97  42  48 188  77  44 150 237 236
 223 225 230 151  71  67 199 153  41  43 186  53  42 181 236 236
 217 222 230 122  73  84 225 125  45  75 161  44  50 216 233 236
 220 223 218  92  73  99 186  73  46 119 139  40  71 223 230 231
 220 221 197  82  78  95 111  91 108 203 102  40  98 227 227 228
 222 221 165  83  77 187 223 226 227 224  88  43 126 226 229 230
 217 218 128  83  84 218 224 226 224 217  58  51 164 228 229 228
 218 221 224 213 216 227 228 228 225 223 226 228 225 229 229 230
 219 223 223 221 226 224 226 224 225 223 224 227 225 227 229 230
 219 221 223 222 224 224 222 221 222 225 224 225 226 228 229 227
 221 221 217 217 219 221 222 219 220 223 229 228 226 225 225 227
 220 210 214 221 226 232 221 218 229 238 239 237 226 237 240 238
 223 226 231 234 237 235 235 238 241 242 241 238 238 240 243 241
 222 226 231 233 235 233 235 238 241 242 241 237 239 243 244 242
 222 225 229 232 233 233 234 237 240 241 239 239 239 242 243 243
 222 223 228 223 170 154 146 146 149 165 228 175 146 171 243 244
 223 228 230 177  61  51  92  89  33  38 182  71  37 142 243 245
 221 226 231 144  60  55 197 150  36  38 185  45  33 182 242 243
 221 224 230 106  59  69 226 122  35  70 162  41  45 219 242 242
 220 224 219  77  60  88 185  70  36 112 132  34  70 229 238 238
 220 224 192  63  62  81 100  83  96 197  97  32  95 233 237 238
 220 223 154  63  60 180 227 229 231 228  81  34 122 235 237 238
 219 222 116  64  69 216 229 230 231 218  48  41 162 235 237 238
 220 221 221 210 215 227 229 228 230 231 231 233 231 235 237 238
 218 222 225 225 225 225 227 228 228 229 232 233 234 235 236 236
 219 222 222 223 224 225 225 226 228 230 230 231 233 232 232 234
 217 218 219 219 221 222 223 226 228 227 229 231 232 233 232 233
 218 207 212 220 228 237 227 222 230 240 242 243 232 241 243 245
 221 225 230 234 236 238 238 239 244 248 245 243 243 244 245 245
 220 225 229 233 235 235 236 239 242 245 245 243 243 246 246 246
 222 225 229 233 234 233 234 236 242 244 244 242 244 247 246 247
 223 224 229 222 166 153 149 146 147 168 233 182 149 175 246 245
 223 223 226 170  52  45  91  90  36  43 190  73  41 151 246 247
 222 226 227 134  49  51 199 150  35  40 189  50  38 187 247 249
 219 224 227  99  47  63 227 119  35  74 164  41  50 226 247 249
 219 222 213  68  47  79 183  67  36 115 132  33  75 235 242 243
 215 220 185  50  47  75  98  81  96 203  95  34 102 239 242 245
 218 220 148  55  50 181 230 231 233 230  81  34 127 242 242 244
 217 219 109  52  63 218 229 231 233 222  52  46 172 242 241 243
 218 219 221 211 216 228 229 230 233 231 230 238 239 241 241 243
 216 219 223 226 227 226 228 229 230 233 235 237 237 238 239 241
 219 221 222 222 224 225 226 227 228 232 236 237 236 237 239 240
 217 216 217 219 221 223 225 226 227 229 233 233 232 234 237 237

